1.1259	0.069713
1.1412	0.045557
1.1387	0.02013
1.1323	0.036657
1.1107	0.072256
1.075	0.10023
1.0355	0.12184
0.97439	0.11675
0.91198	0.15108
0.8534	0.15744
0.79737	0.10277
0.76298	0.058271
0.72859	0.0481
0.69166	0.064628
0.65855	0.063356
0.62034	0.045557
0.57832	0.088784
0.54648	0.064628
0.49681	0.053185
0.44332	0.0481
0.41403	0.074799
0.35926	0.053185
0.32233	0.083698
0.2854	0.082427
0.25611	0.031572
0.22427	0.0023302
0.1937	-0.0052981
0.18734	0.013773
0.17205	-0.0091122
0.16441	-0.059967
0.16186	-0.045982
0.16186	-0.030726
0.16059	0.055728
0.16314	0.043014
0.16186	-0.028183
0.15168	-0.024369
0.15168	0.079884
0.15932	0.18287
0.22172	0.22482
0.35672	0.19177
0.54011	0.090055
0.73369	0.055728
0.92472	0.090055
1.0737	0.12057
1.1641	0.10531
1.2304	0.1282
1.2558	0.10913
1.2546	0.11167
1.2558	0.15108
1.2355	0.15617
1.2049	0.049371
1.1654	0.074799
1.1068	0.14472
1.0521	0.15871
0.99731	0.18414
0.93873	0.20702
0.89543	0.20448
0.85213	0.16125
0.81774	0.16507
0.79864	0.25279
0.76807	0.33797
0.74006	0.29729
0.69421	0.23754
0.64836	0.14345
0.6127	0.098955
0.56303	0.01123
0.51591	0.0481
0.46879	0.050643
0.4395	0.027758
0.39747	-0.084124
0.36563	-0.068867
0.34271	-0.03454
0.33252	-0.084124
0.31469	-0.11845
0.30578	-0.27229
0.30323	-0.2405
0.29049	-0.17948
0.28795	-0.0052981
0.27903	0.20957
0.26884	0.20575
0.26884	0.22482
0.34653	0.3456
0.46752	0.49181
0.63308	0.46511
0.81137	0.42189
0.96038	0.35832
1.075	0.3367
1.154	0.27313
1.1909	0.19685
1.2062	0.15617
1.2011	0.095141
1.1833	-0.056153
1.1705	-0.18965
1.1323	-0.16041
1.0954	-0.17948
1.0521	-0.11845
0.99604	-0.035811
0.94128	-0.09048
0.8776	-0.082852
0.84194	-0.079038
0.79991	-0.011655
0.77444	0.079884
0.75152	0.16507
0.72605	0.21465
0.69039	0.26932
0.65473	0.24135
0.62162	0.24771
0.58086	0.27313
0.53119	0.24771
0.48917	0.18541
0.44587	0.17015
0.40511	0.25152
0.37073	0.37739
0.34271	0.3545
0.31469	0.32653
0.29431	0.21211
0.28158	0.077342
0.26884	-0.065053
0.2612	-0.22143
0.25229	-0.23415
0.24974	-0.18711
0.23828	-0.031997
0.23191	-0.09048
0.23573	-0.13879
0.29431	-0.12099
0.41785	-0.073953
0.5936	0.016315
0.76935	0.15998
0.94892	0.24008
1.0916	0.42697
1.1845	0.48927
1.2482	0.55665
1.28	0.3723
1.2813	0.33543
1.2673	0.24008
1.2622	0.13074
1.2342	0.14854
1.2074	0.14981
1.1692	0.15871
1.1119	-0.023097
1.0457	-0.10447
0.98967	-0.26847
0.92727	-0.19092
0.88015	-0.075224
0.84576	-0.14006
0.8152	-0.087938
0.77317	-0.042168
0.73878	0.055728
0.69803	0.091327
0.65345	0.24898
0.61907	0.2922
0.58086	0.25533
0.53247	0.37993
0.48407	0.36976
0.44332	0.3011
0.39874	0.31128
0.372	0.40281
0.33761	0.35705
0.30832	0.32653
0.28413	0.19939
0.26757	0.12565
0.24974	-0.058696
0.24465	-0.28246
0.23318	-0.30407
0.22809	-0.31297
0.22299	-0.16295
0.21535	-0.11082
0.20771	-0.089209
0.19243	-0.0091122
0.1937	0.098955
0.22809	0.19812
0.35544	0.22736
0.53119	0.31255
0.72095	0.28966
0.91963	0.29856
1.0699	0.28966
1.1845	0.26678
1.2533	0.31763
1.2902	0.40027
1.2979	0.4257
1.2864	0.3545
1.2711	0.17524
1.2469	0.090055
1.2189	-0.21508
1.1794	-0.49096
1.1285	-0.55453
1.0699	-0.2494
1.0088	-0.18838
0.94637	0.068442
0.89925	0.10404
0.86359	0.02013
0.83175	0.19049
0.80883	0.38247
0.77699	0.49944
0.7426	0.57827
0.70312	0.60369
0.65982	0.65455
0.61907	0.31128
0.57195	0.24135
0.52483	0.09387
0.48025	-0.36256
0.43568	-0.74524
0.3962	-0.31806
0.36181	-0.13371
0.33889	0.049371
0.3287	0.12184
0.30705	0.022672
0.28413	-0.12099
0.27776	-0.06251
0.26884	0.15617
0.25229	0.47783
0.24337	0.26042
0.25993	0.10913
0.34016	0.069713
0.48662	0.14218
0.65091	0.15744
0.81774	0.1549
0.96675	0.15617
1.0635	0.12693
1.1399	0.1193
1.1731	0.086241
1.1858	0.1193
1.182	0.13455
1.1616	0.11421
1.145	0.098955
1.1158	0.12438
1.0814	0.12184
1.0317	0.17651
0.98076	0.23245
0.92217	0.26805
0.86486	0.24644
0.82538	0.36594
0.79864	0.31763
0.77317	0.24135
0.74006	0.19939
0.70949	0.24771
0.67765	0.044286
0.64454	-0.057425
0.59869	-0.056153
0.56558	0.013773
0.51591	0.0023302
0.47134	-0.033268
0.43186	0.0086871
0.39238	0.044286
0.35926	0.11167
0.33889	0.01123
0.30832	-0.044711
0.29177	-0.10065
0.27776	-0.16549
0.26375	-0.18965
0.25356	-0.15786
0.24847	-0.15913
0.23955	-0.0014839
0.2421	0.17142
0.22809	0.20702
0.23064	0.27186
0.22045	0.38629
0.25993	0.42824
0.35162	0.3634
0.507	0.21338
0.70058	0.1371
0.88397	0.082427
1.0393	0.18541
1.1743	0.28076
1.2431	0.44604
1.2788	0.43714
1.3042	0.43714
1.2953	0.24389
1.2839	0.21211
1.2699	-0.024369
1.2482	-0.061239
1.2151	-0.15913
1.1654	-0.12099
1.1094	-0.047254
1.0444	0.041743
0.99094	0.0086871
0.94382	0.055728
0.90052	-0.0014839
0.86359	-0.03454
0.82284	-0.087938
0.79227	-0.057425
0.76043	-0.10828
0.72732	-0.06251
0.68657	-0.029454
0.62671	-0.043439
0.58723	0.062085
0.53756	0.034115
0.49808	0.16507
0.45096	0.25406
0.4204	0.31382
0.37455	0.24262
0.35035	0.39392
0.3287	0.25661
0.3045	0.19558
0.29559	0.20194
0.27776	0.1638
0.27266	0.15744
0.26884	0.15108
0.26247	0.22228
0.25483	0.31636
0.24847	0.41171
0.23318	0.32272
0.24082	0.27949
0.26757	0.12057
0.35035	0.19049
0.51464	0.14218
0.69548	0.02013
0.86232	-0.035811
1.0151	-0.066324
1.1285	-0.093023
1.21	0.0061443
1.2329	0.086241
1.2507	0.017587
1.2469	-0.015469
1.2418	-0.077767
1.2176	-0.037083
1.2024	-0.040897
1.168	0.013773
1.1196	0.045557
1.0699	-0.037083
1.0075	-0.048525
0.95146	0.057
0.91071	0.064628
0.86868	0.18159
0.84449	0.34687
0.80373	0.034115
0.77572	0.12565
0.74006	0.057
0.70185	0.14345
0.65218	0.16634
0.60506	0.19558
0.54902	0.13328
0.50318	0.044286
0.45351	0.090055
0.41785	0.023944
0.37455	0.11294
0.34908	0.1727
0.31087	0.19558
0.29686	0.20829
0.28413	0.12438
0.26247	0.073527
0.26502	0.096412
0.25356	0.034115
0.25101	-0.0014839
0.23446	-0.026912
0.23446	0.0074157
0.26502	0.09387
0.34398	-0.0027553
0.48535	-0.039625
0.64963	-0.0091122
0.82029	0.015044
0.96929	-0.087938
1.0801	0.0010588
1.154	-0.0078408
1.1934	0.049371
1.2074	0.08497
1.2189	0.08497
1.2062	0.19177
1.1922	0.21338
1.1705	0.13837
1.1349	0.073527
1.0928	0.022672
1.0317	-0.0065694
0.97184	0.062085
0.91326	0.14345
0.85977	0.032843
0.81902	-0.059967
0.77317	-0.11845
0.75024	-0.17312
0.71586	-0.13879
0.6802	-0.038354
0.64581	0.11548
0.60506	0.16125
0.56431	0.18541
0.51464	0.23881
0.47388	0.26169
0.4204	0.18668
0.39238	0.15617
0.35544	0.079884
0.32488	-0.0014839
0.29813	-0.079038
0.27266	-0.10828
0.26757	-0.13371
0.24592	-0.10828
0.23573	-0.077767
0.22554	-0.13752
0.22172	-0.01674
0.21281	0.069713
0.20134	0.0086871
0.20771	-0.0078408
0.20134	0.064628
0.18988	0.24771
0.19116	0.29983
0.18097	0.060814
0.17333	-0.020555
0.20389	0.059542
0.29049	0.16888
0.44587	-0.084124
0.64327	-0.087938
0.83685	-0.22779
1.0062	-0.16931
1.1501	-0.37908
1.2406	-0.061239
1.2902	0.095141
1.3182	0.20067
1.3195	0.11167
1.3182	0.1015
1.3055	0.062085
1.2839	0.17651
1.2469	0.023944
1.2024	0.016315
1.145	0.051914
1.0928	0.051914
1.0317	-0.035811
0.98203	-0.087938
0.93491	0.07607
0.89543	0.18414
0.85722	0.12184
0.82284	0.12057
0.78208	0.14981
0.7426	0.10785
0.69039	0.10531
0.64454	0.17905
0.58978	0.28585
0.53884	0.27822
0.49808	0.22609
0.45988	0.11421
0.41657	-0.038354
0.37709	-0.082852
0.3478	-0.048525
0.31978	-0.019283
0.29941	-0.0014839
0.28285	0.051914
0.26884	-0.11082
0.25101	-0.082852
0.237	0.055728
0.237	0.07607
0.2179	-0.084124
0.21281	-0.2316
0.20262	-0.22779
0.18734	-0.01674
0.18734	0.013773
0.22299	-0.06251
0.33252	0.23881
0.49808	0.36722
0.69293	0.32907
0.86614	0.14345
1.0266	0.1193
1.1374	0.21465
1.2087	0.24135
1.2533	0.29093
1.2762	0.55284
1.2762	0.40281
1.2699	0.22482
1.2673	0.0036016
1.2406	-0.13244
1.2062	-0.089209
1.1731	0.078613
1.1056	-0.13625
1.0444	-0.073953
0.98203	0.073527
0.92599	-0.10447
0.87887	-0.46935
0.83939	-0.38544
0.81137	-0.22525
0.77954	-0.02564
0.73751	0.20194
0.70185	0.3367
0.656	0.40027
0.60506	0.27313
0.56431	0.57699
0.51846	0.52614
0.46497	0.34306
0.42676	0.40536
0.38983	0.39137
0.3478	0.20321
0.31469	0.063356
0.29813	-0.15405
0.27139	-0.2494
0.25483	-0.33331
0.24337	-0.35747
0.22682	-0.22779
0.22299	-0.18711
0.21917	-0.14896
0.20644	-0.05361
0.20389	0.1104
0.18097	-0.028183
0.17969	-0.019283
0.20262	0.35196
0.27521	0.30619
0.42294	0.29602
0.62798	0.50071
0.81647	0.44858
1.0024	0.399
1.131	0.52741
1.2291	0.33416
1.2877	0.098955
1.3119	0.027758
1.3233	-0.14261
1.3221	-0.21889
1.3081	-0.30789
1.2928	-0.3562
1.2571	-0.2494
1.2215	-0.26847
1.1641	-0.15532
1.1005	-0.11972
1.0304	-0.047254
0.97694	0.25152
0.92472	0.35323
0.8725	0.26296
0.82666	0.19304
0.79737	0.25025
0.75152	0.31382
0.71331	0.47147
0.66874	0.56937
0.62416	0.33925
0.5694	0.17142
0.51718	0.20829
0.46752	0.17524
0.41912	-0.20363
0.37582	-0.46681
0.33761	-0.29009
0.30195	-0.14134
0.27266	-0.051068
0.24465	-0.076495
0.23064	-0.20236
0.22045	-0.28882
0.21153	-0.21126
0.21153	-0.047254
0.19625	0.21846
0.18861	0.21719
0.16823	0.31636
0.18734	0.399
0.23828	0.37357
0.36054	0.37993
0.53629	0.40536
0.7235	0.52741
0.90052	0.3634
1.0508	0.3545
1.1603	0.15617
1.2304	-0.047254
1.2673	-0.35366
1.2762	-0.3562
1.2635	-0.2405
1.2558	-0.15405
1.2355	-0.10319
1.2062	-0.082852
1.1641	-0.011655
1.1132	-0.0091122
1.0521	0.098955
0.98076	0.22101
0.92981	0.34306
0.88397	0.4257
0.84321	0.45621
0.79609	0.49054
0.76553	0.4969
0.72095	0.41171
0.69421	0.28203
0.65091	0.0086871
0.60124	-0.36637
0.55157	-0.4274
0.49553	-0.3473
0.4344	-0.2316
0.39238	-0.058696
0.3478	-0.054882
0.30832	-0.0065694
0.27139	-0.067596
0.2421	0.049371
0.21281	0.22736
0.20262	0.36467
0.18734	0.35705
0.1746	0.32018
0.16441	0.39646
0.15677	0.3901
0.16314	0.41934
0.14658	0.28076
0.13512	0.13583
0.12875	-0.18838
0.12238	-0.45791
0.15168	-0.43121
0.25993	-0.25195
0.42931	-0.12608
0.64963	-0.12481
0.8585	-0.021826
1.0444	-0.093023
1.182	-0.014198
1.28	0.15108
1.3284	0.25279
1.3424	0.44858
1.3272	0.56809
1.3157	0.49563
1.2928	0.51978
1.266	0.4079
1.2215	0.19558
1.1578	-0.023097
1.0966	-0.2405
1.0151	-0.28627
0.95019	-0.24686
0.90562	-0.15278
0.84831	-0.10955
0.81392	-0.18711
0.77317	-0.38035
0.74642	-0.18711
0.70822	0.016315
0.67128	0.25406
0.62416	0.28331
0.56685	0.50707
0.51336	0.77151
0.45733	0.72575
0.40639	0.57318
0.35417	0.10658
0.30705	-0.19473
0.26884	0.24008
0.22936	-0.10955
0.19752	-0.44647
0.17205	-0.55072
0.16186	-0.26593
0.14276	-0.18456
0.14021	-0.11845
0.1313	-0.19473
0.11602	-0.076495
0.11092	0.21338
0.13639	0.23118
0.21026	0.3189
0.35799	0.64565
0.55921	0.55538
0.77317	0.53631
0.97566	0.45367
1.1298	0.26296
1.2431	0.1104
1.3157	0.079884
1.3399	0.083698
1.3501	-0.13371
1.3361	-0.39307
1.3272	-0.34348
1.2928	-0.10701
1.252	0.0392
1.2087	-0.039625
1.1501	-0.044711
1.0788	-0.096837
1.0164	-0.13371
0.95146	-0.028183
0.90052	0.097684
0.85213	0.37484
0.81774	0.2922
0.78336	0.25533
0.74133	0.23754
0.69421	0.25915
0.64199	0.24135
0.59232	0.2922
0.52992	0.28076
0.47134	0.22228
0.41657	0.1549
0.36054	0.072256
0.30578	-0.0078408
0.25356	-0.11845
0.21663	-0.20618
0.17587	-0.13498
0.14913	-0.056153
0.11984	-0.018012
0.10965	-0.10701
0.094367	-0.17821
0.087999	-0.15151
0.070169	-0.16168
0.065075	-0.16041
0.061254	-0.040897
0.061254	0.058271
0.081631	0.24644
0.17715	0.39773
0.35672	0.3634
0.57832	0.3011
0.81902	0.23245
1.0304	0.27695
1.1998	0.29983
1.3233	0.33925
1.3921	0.32526
1.4252	0.23626
1.4316	0.20067
1.4189	0.10531
1.3959	-0.10447
1.3692	-0.26466
1.3373	-0.20618
1.2915	-0.087938
1.2266	0.0086871
1.1552	-0.020555
1.0826	-0.052339
1.0228	-0.084124
0.96802	-0.15024
0.92217	-0.18202
0.87378	-0.16295
0.83812	-0.042168
0.78845	0.055728
0.74133	0.25279
0.69166	0.40154
0.63945	0.44604
0.57322	0.46511
0.51846	0.35196
0.45096	0.27822
0.40002	0.20448
0.34526	0.25279
0.29559	0.10404
0.24337	0.23881
0.18734	0.29602
0.15932	0.13837
0.13767	-0.14642
0.12111	-0.3295
0.11984	-0.20872
0.11729	-0.22143
0.11092	-0.12989
0.11092	-0.014198
0.10838	0.0099585
0.098187	-0.029454
0.098187	-0.031997
0.13639	0.021401
0.25229	0.14345
0.43058	0.17015
0.6611	0.21719
0.88269	0.29093
1.0903	0.3367
1.2406	0.32526
1.345	0.29348
1.4048	0.26423
1.4278	0.19939
1.4201	0.11548
1.4138	-0.06251
1.387	-0.16676
1.3437	-0.22398
1.3017	-0.22906
1.2469	-0.16931
1.1782	-0.15913
1.1145	-0.072681
1.0483	-0.076495
0.98967	-0.0065694
0.93873	0.14727
0.8967	0.25661
0.8534	0.28966
0.8152	0.28585
0.76935	0.2922
0.71458	0.29348
0.67128	0.3189
0.60379	0.44604
0.54648	0.63039
0.49044	0.52614
0.43186	0.37103
0.37073	0.058271
0.32615	-0.09938
0.27394	-0.3651
0.24465	-0.60157
0.20517	-0.50241
0.18224	-0.29644
0.15677	-0.10955
0.15422	-0.029454
0.14403	-0.13752
0.13894	0.091327
0.12366	0.11421
0.11474	0.32272
0.12493	0.40409
0.17715	0.399
0.29431	0.46893
0.47898	0.62531
0.6751	0.62785
0.8725	0.56428
1.0432	0.47274
1.1412	0.23245
1.2087	0.004873
1.2469	-0.41341
1.2724	-0.43375
1.2788	-0.52275
1.2711	-0.29644
1.2558	-0.15405
1.238	-0.057425
1.1998	-0.065053
1.1425	-0.13625
1.0775	-0.15278
1.0139	-0.15786
0.94764	0.10277
0.89416	0.23626
0.84831	0.28458
0.80755	0.38502
0.7668	0.56301
0.71968	0.46893
0.6802	0.48418
0.63308	0.36849
0.57704	0.3278
0.51846	0.31
0.46497	0.065899
0.41148	-0.13498
0.34908	-0.33077
0.30068	-0.2227
0.25229	-0.33204
0.21026	-0.3295
0.18224	-0.18711
0.16186	-0.22016
0.1313	-0.11845
0.11984	0.004873
0.099461	0.1282
0.10073	0.27441
0.098187	0.34942
0.098187	0.31763
0.086725	0.32399
0.079084	0.37484
0.071443	0.45748
0.093093	0.5325
0.18097	0.52995
0.34016	0.34433
0.54775	0.062085
0.76553	-0.3206
0.96293	-0.29263
1.1247	-0.39307
1.2342	-0.38925
1.3157	-0.17948
1.3335	-0.12989
1.3475	-0.11082
1.3437	-0.16295
1.3208	-0.014198
1.2966	0.17778
1.2597	0.19431
1.224	0.069713
1.1654	0.18668
1.0966	0.049371
1.0355	-0.068867
0.97439	0.29856
0.91708	0.29093
0.86359	0.16634
0.82029	0.13964
0.78336	0.081156
0.75279	0.09387
0.70567	-0.070138
0.656	-0.059967
0.60379	0.01123
0.5503	0.050643
0.49044	0.081156
0.44459	0.069713
0.38601	0.082427
0.33634	0.095141
0.29304	0.13964
0.25865	0.21592
0.22809	0.27822
0.20389	0.3545
0.18224	0.38247
0.15932	0.4257
0.15422	0.23118
0.15932	0.14345
0.14786	0.07607
0.16059	-0.042168
0.15295	-0.030726
0.14786	-0.15024
0.14276	-0.18329
0.16186	-0.17439
0.22936	-0.085395
0.37964	-0.11718
0.56431	-0.16422
0.77062	-0.14642
0.9642	-0.042168
1.1247	0.10658
1.2278	0.23245
1.303	0.24262
1.3348	0.20575
1.3348	0.29983
1.3246	0.33289
1.303	0.33289
1.2749	0.39773
1.2431	0.42697
1.1998	0.35705
1.1489	0.19431
1.0788	0.15998
1.0139	-0.028183
0.95783	-0.037083
0.91198	-0.13498
0.86614	-0.16295
0.83302	-0.15532
0.791	-0.11464
0.75661	-0.021826
0.70822	-0.10447
0.66874	-0.11082
0.61907	-0.011655
0.55157	0.10023
0.507	0.15362
0.45351	0.20829
0.41403	0.21846
0.3529	0.27822
0.31469	0.32272
0.28795	0.30619
0.24082	0.3456
0.2179	0.39519
0.20262	0.49817
0.18224	0.32018
0.16696	0.20702
0.16951	0.09387
0.15295	-0.043439
0.14531	-0.09938
0.1504	-0.26847
0.13003	-0.29009
0.12875	-0.36383
0.14658	-0.18456
0.24847	-0.093023
0.41403	-0.076495
0.62544	-0.020555
0.84703	0.0392
1.0432	-0.18965
1.1934	-0.098109
1.2902	0.42061
1.3501	0.40663
1.3857	0.29475
1.3819	0.32018
1.3692	0.30492
1.3475	0.21846
1.3246	0.20575
1.2864	0.26423
1.2457	0.35577
1.1833	0.34433
1.1196	0.28712
1.0483	0.26551
0.99094	0.12438
0.94892	-0.10319
0.90816	-0.28754
0.85977	-0.48588
0.82666	-0.057425
0.78463	-0.094295
0.73496	-0.048525
0.6802	-0.13371
0.62544	-0.10447
0.56303	0.044286
0.50318	0.16252
0.44714	0.13455
0.39747	0.15871
0.34271	0.13201
0.29813	0.11548
0.25738	0.086241
0.22809	0.14854
0.20899	0.21592
0.17715	0.19812
0.15804	0.12184
0.14658	0.098955
0.1313	0.049371
0.11602	0.11421
0.11092	0.18287
0.09564	0.27186
0.090546	0.14472
0.080358	0.090055
0.079084	0.049371
0.068896	0.012501
0.082905	-0.05361
0.15677	-0.061239
0.31342	0.0036016
0.54266	0.12438
0.77826	0.13583
0.99731	0.078613
1.1731	0.072256
1.3106	0.053185
1.3947	0.068442
1.4418	0.12947
1.4507	0.23118
1.4418	0.18668
1.4303	0.037929
1.3985	-0.086666
1.3628	-0.01674
1.3182	0.14981
1.2673	0.21465
1.2024	0.1549
1.1387	0.10658
1.0686	0.027758
1.005	0.20702
0.9642	0.14091
0.91835	0.21719
0.88524	0.072256
0.84703	0.034115
0.80755	0.043014
0.75406	0.07607
0.70185	0.1371
0.64836	0.19939
0.59487	0.097684
0.53374	-0.012926
0.47261	-0.026912
0.4204	0.053185
0.37455	0.082427
0.33125	0.082427
0.30068	0.18032
0.26247	0.09387
0.23955	0.0074157
0.21535	-0.089209
0.1937	-0.095566
0.18351	0.087513
0.17078	0.21719
0.15422	0.15998
0.15168	0.077342
0.14403	-0.084124
0.12111	-0.14388
0.12621	-0.12862
0.11092	-0.11337
0.12493	-0.087938
0.1937	-0.11082
0.34908	-0.015469
0.57067	0.095141
0.79609	0.19304
1.0062	0.18414
1.1629	0.20448
1.2839	0.14981
1.3654	0.19177
1.4036	0.26678
1.3959	0.33035
1.3794	0.47655
1.3628	0.39137
1.3221	0.18159
1.2724	-0.054882
1.2227	-0.42104
1.1603	-0.35238
1.0941	-0.27229
1.0215	-0.16041
0.94764	-0.10955
0.8967	-0.11337
0.84958	-0.043439
0.80373	0.063356
0.7668	0.16252
0.72732	0.24644
0.67893	0.3189
0.6318	0.35832
0.58978	0.40663
0.52101	0.4346
0.46879	0.50961
0.41021	0.4702
0.35162	0.34052
0.30323	0.13328
0.25101	-0.15151
0.21281	-0.31043
0.17587	-0.24686
0.15168	-0.14896
0.12111	-0.057425
0.10583	-0.043439
0.090546	-0.063782
0.09182	-0.10192
0.075263	-0.065053
0.075263	-0.10192
0.076537	0.0086871
0.071443	0.14472
0.085452	0.23245
0.068896	0.25788
0.066349	0.24008
0.075263	0.27568
0.15168	0.3278
0.3287	0.37357
0.55794	0.41426
0.81774	0.43714
1.061	0.23245
1.2533	0.053185
1.3883	-0.11718
1.4762	-0.15913
1.5093	-0.2316
1.5156	-0.16676
1.4953	-0.042168
1.4583	-0.018012
1.4367	-0.012926
1.3985	-0.18456
1.3475	-0.285
1.2953	-0.19982
1.2189	-0.0027553
1.1336	0.096412
1.0737	0.33416
1.0088	0.33925
0.9451	0.36213
0.90434	0.33925
0.8534	0.38502
0.81265	0.50453
0.76171	0.51978
0.71713	0.41426
0.66237	0.19812
0.59487	0.045557
0.52865	-0.17566
0.47261	-0.28119
0.41785	-0.2761
0.36054	-0.21126
0.30832	-0.23033
0.26757	-0.16041
0.22172	-0.19728
0.1937	-0.073953
0.1555	0.090055
0.12748	0.25788
0.11984	0.3545
0.10073	0.49181
0.093093	0.47655
0.087999	0.50834
0.07781	0.57064
0.081631	0.49308
0.085452	0.3634
0.07399	0.1104
0.068896	-0.12862
0.059981	-0.25957
0.054887	-0.17821
0.087999	-0.19855
0.19625	-0.14642
0.40129	-0.12735
0.65473	-0.09938
0.89798	-0.09938
1.117	-0.06251
1.2915	0.1104
1.4048	0.27059
1.4673	0.31382
1.4889	0.27822
1.4813	0.27695
1.4405	0.32272
1.4163	0.43079
1.373	0.59861
1.3284	0.58716
1.2749	0.41934
1.2202	0.19431
1.145	-0.076495
1.0826	-0.20236
1.0304	-0.40578
0.98076	-0.33967
0.93746	-0.28119
0.89543	-0.11591
0.8534	-0.10319
0.81392	-0.079038
0.75789	0.092598
0.71968	0.24008
0.65982	0.27568
0.59614	0.23245
0.53119	0.28966
0.48153	0.35323
0.42167	0.39773
0.37073	0.44858
0.32997	0.56682
0.28158	0.51851
0.25229	0.41044
0.2179	0.18414
0.20644	0.016315
0.17969	-0.24813
0.16314	-0.49096
0.14658	-0.35111
0.13385	-0.27102
0.1122	-0.18583
0.10455	-0.196
0.094367	-0.15024
0.12111	0.10913
0.23064	0.29475
0.41785	0.42316
0.65473	0.35577
0.8725	0.33543
1.0763	0.39646
1.2291	0.3812
1.3335	0.42061
1.3896	0.4969
1.4036	0.50198
1.3998	0.46257
1.3692	0.28966
1.3386	0.059542
1.2928	-0.16931
1.2507	-0.31679
1.1883	-0.4452
1.1234	-0.2227
1.0533	-0.18075
0.97566	-0.023097
0.90816	-0.11082
0.85085	-0.13116
0.79991	0.049371
0.75916	0.16125
0.72605	0.26296
0.68784	0.27313
0.64327	0.31382
0.59869	0.3545
0.54266	0.34815
0.49044	0.37484
0.42549	0.47401
0.37073	0.58462
0.30323	0.56937
0.25865	0.45367
0.21535	0.21592
0.17205	-0.051068
0.13257	-0.18583
0.10838	-0.31679
0.081631	-0.37527
0.061254	-0.23796
0.044698	-0.28246
0.040878	-0.16549
0.033236	-0.21889
0.031963	-0.012926
0.028142	0.26169
0.01668	0.35323
0.037057	0.32399
0.11347	0.3367
0.28413	0.35832
0.51336	0.32907
0.77699	0.34815
1.01	0.39773
1.2062	0.4435
1.3323	0.47147
1.4252	0.38756
1.4456	0.22991
1.4507	0.082427
1.4303	-0.096837
1.3934	-0.11845
1.3539	-0.16803
1.3157	-0.22525
1.2699	-0.26847
1.1934	-0.14388
1.1336	-0.14515
1.0674	-0.029454
0.99349	0.11548
0.94	0.11675
0.88269	0.0074157
0.8534	0.045557
0.81265	0.10404
0.77317	0.25025
0.74388	0.33925
0.69548	0.30365
0.65218	0.20321
0.59105	0.19431
0.53884	0.22864
0.4777	0.26932
0.42676	0.23245
0.36691	0.21719
0.31469	0.22864
0.2663	0.30365
0.23446	0.36213
0.20771	0.37612
0.19243	0.38756
0.16696	0.24135
0.15422	0.054457
0.14658	-0.015469
0.13767	-0.06251
0.12875	-0.035811
0.13894	-0.031997
0.19116	-0.049796
0.31978	0.0061443
0.51336	0.0099585
0.73751	0.015044
0.94382	-0.042168
1.1132	-0.058696
1.2355	-0.12354
1.303	-0.14134
1.3386	-0.13244
1.3373	-0.12226
1.3208	-0.021826
1.294	0.14345
1.2635	0.27568
1.2202	0.3634
1.1743	0.36086
1.1132	0.36594
1.0508	0.34052
0.99222	0.2922
0.92854	0.25788
0.87633	0.21211
0.83939	0.19177
0.80119	0.17397
0.76425	0.15871
0.73751	0.22864
0.7044	0.32272
0.6611	0.32272
0.60888	0.31128
0.55284	0.21719
0.49936	0.18541
0.44205	0.049371
0.38983	-0.061239
0.33761	-0.085395
0.29813	-0.22906
0.24847	-0.21508
0.21408	-0.087938
0.18861	-0.019283
0.17078	0.074799
0.15677	0.12184
0.14021	0.1638
0.1313	0.12565
0.12111	0.12184
0.11602	0.043014
0.14021	0.037929
0.22936	0.045557
0.38601	0.068442
0.59487	0.059542
0.82284	-0.026912
1.0215	-0.11337
1.1756	-0.21253
1.2788	-0.18202
1.345	-0.039625
1.373	0.087513
1.3717	0.1549
1.3514	0.23881
1.3424	0.36086
1.3004	0.37357
1.2749	0.49308
1.2253	0.66726
1.1705	0.741
1.1068	0.67489
1.0368	0.47147
0.97694	0.27313
0.9209	-0.086666
0.86996	-0.38035
0.85213	-0.55581
0.80119	-0.41341
0.76807	-0.30026
0.72095	-0.18583
0.67638	-0.13498
0.62926	-0.044711
0.58341	-0.076495
0.51591	0.016315
0.46879	0.39773
0.41785	0.50834
0.36436	0.45748
0.31469	0.44604
0.27521	0.50707
0.24465	0.56809
0.21663	0.70795
0.19116	0.48164
0.17205	0.34942
0.15168	0.12693
0.14658	-0.17058
0.1313	-0.41977
0.12748	-0.38671
0.10583	-0.41595
0.11474	-0.29263
0.099461	-0.23033
0.14149	-0.23033
0.25101	-0.13371
0.43313	0.030301
0.64709	0.25788
0.86359	0.44604
1.0546	0.55157
1.196	0.57318
1.303	0.59352
1.3565	0.68379
1.3832	0.62785
1.3768	0.49817
1.3628	0.30746
1.3361	0.037929
1.3004	-0.26085
1.266	-0.60539
1.2151	-0.36637
1.1527	-0.25067
1.089	-0.16803
1.0317	-0.072681
0.97184	-0.19855
0.92854	-0.19219
0.89288	-0.031997
0.84831	0.069713
0.80883	0.26678
0.77062	0.488
0.7235	0.56047
0.6751	0.63166
0.61907	0.6787
0.55921	0.69523
0.50445	0.53122
0.45096	0.27059
0.39238	0.069713
0.3529	-0.26085
0.31087	-0.37273
0.27012	-0.3473
0.2421	-0.34348
0.23064	-0.32187
0.21026	-0.2583
0.20134	-0.28373
0.18734	-0.15786
0.17842	0.079884
0.17205	0.3367
0.16696	0.47783
0.16823	0.56301
0.20899	0.65201
0.32615	0.63548
0.48153	0.67998
0.67001	0.46511
0.8585	0.3367
1.0177	0.13583
1.1323	0.023944
1.2024	-0.12862
1.2393	-0.27737
1.2495	-0.35747
1.2507	-0.28119
1.2355	-0.2494
1.2113	-0.18711
1.1845	-0.16803
1.1425	-0.11209
1.0928	0.025215
1.0355	0.20067
0.97184	0.40281
0.91581	0.63802
0.86614	0.68252
0.82666	0.63675
0.78972	0.62658
0.75279	0.49308
0.72095	0.27313
0.67893	0.10531
0.63308	-0.18456
0.58468	-0.32823
0.53756	-0.31551
0.48407	-0.35238
0.43186	-0.37146
0.37073	-0.27483
0.34271	-0.24813
0.28922	-0.10828
0.25356	0.021401
0.22427	0.56682
0.19625	0.26042
0.17842	0.26932
0.16314	0.40281
0.15677	0.42951
0.14531	0.42697
0.13894	0.50453
0.12748	0.33289
0.11729	0.23245
0.10073	0.10913
0.10583	0.072256
0.15932	-0.13371
0.27776	-0.37273
0.46497	-0.26466
0.67128	-0.21508
0.87887	-0.18583
1.0393	-0.23287
1.168	-0.15913
1.2558	-0.10701
1.303	0.062085
1.3157	0.27568
1.3106	0.44223
1.3017	0.45494
1.2826	0.3723
1.2609	0.24516
1.2278	0.24516
1.1692	0.25152
1.117	0.26678
1.0457	0.24389
0.97566	0.22609
0.92345	0.26551
0.8725	0.39773
0.8292	0.44986
0.78845	0.38883
0.75406	0.26042
0.71458	0.17651
0.6611	0.068442
0.62289	-0.070138
0.56685	-0.10065
0.51591	-0.2494
0.45351	-0.19473
0.40384	-0.077767
0.35162	0.029029
0.30705	0.041743
0.26884	0.059542
0.2421	0.045557
0.20644	0.025215
0.18861	-0.042168
0.16186	-0.14261
0.16314	-0.095566
0.1555	-0.09938
0.14786	-0.042168
0.14403	0.013773
0.13512	0.060814
0.13767	0.19431
0.11856	0.3278
0.11602	0.31382
0.14913	0.32907
0.25993	0.27822
0.44332	0.24898
0.65218	0.28331
0.8534	0.33162
1.0292	0.36976
1.154	0.41934
1.2495	0.4257
1.2877	0.42824
1.3081	0.3011
1.3068	0.1727
1.2966	0.0036016
1.2749	-0.18838
1.2367	-0.12099
1.2049	-0.11591
1.1476	-0.13244
1.0966	-0.14134
1.0304	-0.084124
0.97312	-0.043439
0.91963	0.0036016
0.8776	-0.033268
0.83939	-0.070138
0.80755	-0.12354
0.77572	-0.22143
0.73751	-0.16168
0.69803	0.021401
0.64709	0.21211
0.58596	0.30873
0.53756	0.2922
0.48662	0.26042
0.4204	0.21719
0.37073	0.31
0.32361	0.34687
0.27648	0.36213
0.24847	0.37739
0.22172	0.40027
0.19116	0.37357
0.16823	0.29856
0.15804	0.21084
0.1555	0.086241
0.13512	-0.061239
0.12238	-0.17948
0.10965	-0.25957
0.11092	-0.27864
0.14403	-0.27737
0.24592	-0.22652
0.4153	-0.20618
0.62416	-0.16549
0.82284	-0.057425
1.0151	0.1727
1.1501	0.26932
1.238	0.34942
1.2966	0.38502
1.3221	0.44986
1.317	0.47147
1.3106	0.50198
1.2864	0.50325
1.2622	0.39773
1.2215	0.28839
1.1743	0.15108
1.1081	-0.044711
1.0432	-0.19855
0.97312	-0.26593
0.91835	-0.25576
0.8725	-0.24813
0.82156	-0.19855
0.78718	-0.14006
0.75279	-0.079038
0.71968	0.14981
0.67638	0.27059
0.62162	0.3367
0.56431	0.44096
0.507	0.47147
0.45478	0.51724
0.40129	0.48545
0.34016	0.45113
0.29941	0.35323
0.25865	0.22355
0.21663	0.086241
0.17715	-0.19982
0.15677	-0.37273
0.1313	-0.36256
0.11856	-0.29899
0.10073	-0.19728
0.099461	-0.10065
0.09182	-0.091752
0.085452	0.049371
0.085452	0.27822
0.072716	0.42316
0.072716	0.41299
0.12111	0.36594
0.24847	0.42951
0.44841	0.45113
0.66492	0.48673
0.90052	0.51597
1.0903	0.44604
1.2367	0.25406
1.3284	0.034115
1.3781	-0.18965
1.4061	-0.26974
1.3959	-0.24686
1.3781	-0.13371
1.3654	-0.098109
1.331	-0.067596
1.2813	-0.06251
1.2329	-0.084124
1.1667	-0.12481
1.089	-0.076495
1.019	0.016315
0.96293	0.16507
0.90689	0.24262
0.86232	0.26169
0.82156	0.24516
0.78463	0.27568
0.74133	0.29729
0.69293	0.28712
0.64454	0.26042
0.58978	0.22864
0.53756	0.27313
0.47261	0.42316
0.4204	0.59988
0.36563	0.5414
0.31851	0.37866
0.26757	0.11294
0.23446	-0.19473
0.20007	-0.23033
0.18097	-0.2494
0.15804	-0.21889
0.14531	-0.14515
0.14149	-0.10192
0.13894	-0.021826
0.14149	-0.066324
0.13512	-0.023097
0.13639	-0.089209
0.12875	-0.12608
0.14531	-0.010384
0.22809	0.1549
0.37073	0.27822
0.5694	0.31382
0.77699	0.31509
0.96802	0.32907
1.1196	0.38883
1.224	0.47528
1.289	0.53758
1.3093	0.50198
1.3042	0.41426
1.2864	0.26551
1.2673	0.12057
1.2342	-0.015469
1.2011	-0.070138
1.1565	-0.17312
1.0916	-0.31679
1.033	-0.22652
0.97566	-0.072681
0.91708	-0.057425
0.88142	-0.067596
0.83812	-0.10192
0.8101	-0.075224
0.7859	-0.043439
0.75661	0.012501
0.71713	0.11548
0.68275	0.25788
0.63053	0.28966
0.58086	0.32526
0.53247	0.3723
0.4777	0.41171
0.42676	0.51342
0.372	0.50453
0.32997	0.55792
0.29559	0.44986
0.27012	0.28966
0.24847	0.029029
0.22554	-0.17058
0.20262	-0.2049
0.18988	-0.27229
0.17587	-0.25322
0.16314	-0.16041
0.17587	-0.030726
0.24847	-0.0052981
0.38856	-0.11591
0.5694	-0.16676
0.7668	-0.17566
0.94637	0.0010588
1.0763	0.13837
1.1743	0.32907
1.2316	0.35705
1.2558	0.36467
1.2533	0.3812
1.2393	0.39519
1.2176	0.399
1.2074	0.42061
1.1654	0.44223
1.1208	0.47147
1.0725	0.43841
1.0011	0.19049
0.93873	-0.05361
0.89416	-0.11845
0.84831	-0.14896
0.80246	-0.19092
0.7668	-0.15532
0.72859	-0.15405
0.69676	-0.05361
0.66237	0.021401
0.61015	-0.010384
0.5694	-0.091752
0.51846	-0.18838
0.47134	-0.17693
0.42549	-0.091752
0.38601	0.088784
0.33889	0.15617
0.30323	0.37612
0.26247	0.43587
0.23573	0.55538
0.21663	0.58335
0.1988	0.68888
0.18861	0.55284
0.1746	0.47783
0.16951	0.32653
0.15932	0.079884
0.15168	-0.16676
0.13512	-0.48334
0.13385	-0.33331
0.21535	-0.26339
0.35799	-0.13371
0.54775	0.060814
0.76298	0.062085
0.95656	0.017587
1.1056	-0.13498
1.2189	-0.17058
1.2813	-0.15278
1.3182	0.018858
1.3284	0.1104
1.3157	0.28203
1.294	0.33543
1.2775	0.32018
1.2507	0.31255
1.2062	0.35196
1.154	0.41299
1.0928	0.3189
1.0304	0.25915
0.97057	0.20957
0.91963	0.24135
0.8776	0.3189
0.83939	0.26805
0.79737	0.27186
0.75789	0.22482
0.71586	0.1104
0.6751	0.0086871
0.62034	-0.15786
0.56813	-0.087938
0.51973	-0.038354
0.47006	0.034115
0.41657	0.0392
0.37837	0.074799
0.33761	0.045557
0.31087	0.086241
0.28158	0.08497
0.2612	0.040472
0.2421	0.030301
0.22682	-0.012926
0.22299	-0.068867
0.21026	-0.089209
0.20262	-0.080309
0.19625	-0.17058
0.19625	-0.061239
0.237	0.067171
0.34908	0.21719
0.51336	0.29348
0.70058	0.39392
0.87633	0.38756
1.033	0.33416
1.1438	0.28839
1.2151	0.30365
1.252	0.34179
1.2558	0.3545
1.252	0.37484
1.2367	0.43714
1.2227	0.37484
1.1858	0.27441
1.1552	0.069713
1.1081	-0.051068
1.047	-0.12226
0.98712	-0.18075
0.93364	-0.11082
0.88779	-0.093023
0.85595	-0.0052981
0.81774	0.0392
0.791	0.045557
0.74642	0.036657
0.71204	-0.0027553
0.67383	-0.077767
0.62416	-0.086666
0.56303	-0.16422
0.52228	-0.079038
0.46242	0.018858
0.41657	0.023944
0.37964	0.032843
0.33252	0.095141
0.30195	0.27568
0.2612	0.3901
0.24337	0.36722
0.22172	0.33162
0.19752	0.3634
0.18861	0.3545
0.17715	0.3634
0.16696	0.28712
0.15677	0.24898
0.1937	0.26042
0.29431	0.27568
0.46242	0.25279
0.64581	0.22609
0.82793	0.17524
0.97821	0.14218
1.1005	0.079884
1.1692	0.054457
1.2113	0.032843
1.2355	0.032843
1.2304	0.0074157
1.2202	-0.019283
1.2024	-0.023097
1.1718	0.029029
1.145	0.054457
1.0903	0.044286
1.0317	0.053185
0.96165	-0.0052981
0.90434	-0.057425
0.85977	-0.091752
0.82156	-0.096837
0.77954	-0.085395
0.7477	-0.11464
0.71204	-0.17693
0.66619	-0.079038
0.62544	-0.0078408
0.57704	0.023944
0.52737	0.14472
0.47261	0.13837
0.4204	0.26805
0.36945	0.27695
0.31469	0.32272
0.27776	0.39646
0.23191	0.4168
0.20899	0.48545
0.17587	0.51215
0.15932	0.50071
0.14786	0.51597
0.13894	0.32145
0.12748	0.15871
0.11474	0.026486
0.11092	-0.084124
0.10583	-0.12481
0.1122	-0.075224
0.17715	-0.16931
0.31596	-0.25576
0.50827	-0.17185
0.70312	-0.11591
