0.94255	0.14218
0.92599	0.10277
0.89033	0.19431
0.84958	0.25279
0.8101	0.26551
0.76807	0.32018
0.72859	0.28585
0.69803	0.17142
0.6611	0.15744
0.64454	0.20575
0.61907	0.28712
0.60379	0.28076
0.57704	0.28839
0.5503	0.21719
0.53119	0.25279
0.52228	0.16888
0.50318	0.23245
0.48917	0.22736
0.4777	0.15362
0.46752	0.087513
0.46624	0.090055
0.50063	0.13074
0.56685	0.14981
0.65855	0.21719
0.74515	0.30746
0.83812	0.32653
0.89543	0.25152
0.95656	0.13837
0.98458	0.017587
0.99477	0.1015
1.0024	0.14218
0.97694	0.11548
0.95146	0.20702
0.90944	0.27695
0.86359	0.32399
0.82284	0.25406
0.78081	0.15617
0.73496	0.17905
0.70567	0.146
0.6751	0.16252
0.64581	0.22736
0.62798	0.16761
0.60251	0.23118
0.58468	0.29093
0.56685	0.21719
0.54138	0.19177
0.52355	0.19431
0.50063	0.1727
0.48917	0.21338
0.47006	0.18668
0.46115	0.18287
0.4777	0.16888
0.53247	0.18414
0.61143	0.18287
0.68657	0.19177
0.76935	0.20829
0.81392	0.11167
0.85722	0.18414
0.86868	0.21338
0.88269	0.20829
0.8725	0.15108
0.85595	0.19431
0.83048	0.14981
0.78336	0.20194
0.74642	0.16507
0.70949	0.15871
0.67256	0.15998
0.63945	0.17524
0.62034	0.146
0.59869	0.19177
0.5885	0.17524
0.58214	0.25279
0.56431	0.20448
0.55794	0.16125
0.55157	0.16634
0.53884	0.16634
0.52355	0.21846
0.52228	0.21338
0.54011	0.18541
0.57449	0.17397
0.65091	0.14472
0.7235	0.17397
0.81774	0.17651
0.89543	0.14981
0.95019	0.20957
0.97821	0.1549
1.0075	0.16252
1.0037	0.16507
0.99094	0.10023
0.9642	0.10531
0.93109	0.17651
0.88397	0.18668
0.84321	0.15998
0.79354	0.16125
0.74388	0.146
0.70949	0.20194
0.68147	0.22228
0.64963	0.15744
0.62671	0.1282
0.60761	0.18668
0.57959	0.19558
0.57832	0.21084
0.56431	0.14854
0.54011	0.13328
0.52228	0.23754
0.50954	0.25279
0.507	0.22228
0.51973	0.12693
0.5694	0.17142
0.63435	0.17015
0.69548	0.20957
0.77189	0.19304
0.83048	0.22864
0.86104	0.20067
0.89543	0.28076
0.89798	0.22609
0.88651	0.23499
0.86868	0.18159
0.8534	0.21592
0.82411	0.28712
0.78463	0.21846
0.75024	0.25152
0.71458	0.25533
0.68147	0.27568
0.65982	0.26423
0.62544	0.2922
0.59742	0.22609
0.57195	0.21592
0.55157	0.21084
0.51973	0.22101
0.49936	0.21592
0.47516	0.22736
0.4586	0.27822
0.43568	0.35069
0.42804	0.35196
0.42167	0.36976
0.43568	0.35196
0.4777	0.26296
0.54138	0.31382
0.6178	0.30746
0.70185	0.24898
0.75024	0.19812
0.80119	0.11421
0.82666	0.013773
0.84321	0.01123
0.84194	-0.0065694
0.82538	-0.030726
0.79482	0.044286
0.76425	0.022672
0.72605	0.037929
0.69166	0.095141
0.64327	0.07607
0.61143	0.074799
0.58723	0.049371
0.55539	0.095141
0.53501	0.054457
0.51718	0.096412
0.507	0.097684
0.48789	0.074799
0.47261	0.059542
0.45605	0.023944
0.44587	0.078613
0.42676	0.0074157
0.40766	-0.05361
0.39874	0.060814
0.4153	0.08497
0.4586	0.12057
0.5452	0.21974
0.6178	0.37866
0.69548	0.37866
0.75406	0.37866
0.79227	0.399
0.82284	0.48673
0.82793	0.44604
0.81392	0.45748
0.78845	0.41934
0.75024	0.32653
0.71586	0.32653
0.67765	0.26551
0.64072	0.22228
0.59869	0.27695
0.56049	0.26551
0.53119	0.24771
0.49936	0.087513
0.47898	0.10277
0.4586	-0.023097
0.44714	0.023944
0.43313	-0.029454
0.41657	-0.0078408
0.40766	-0.038354
0.3962	0.021401
0.38092	0.11294
0.38219	0.0099585
0.39365	-0.045982
0.44714	-0.12862
0.52355	-0.049796
0.61525	-0.040897
0.70312	-0.0091122
0.77317	0.01123
0.8292	0.053185
0.86359	-0.0052981
0.8776	0.12311
0.88269	0.17524
0.86359	0.20702
0.84449	0.26169
0.8101	0.28966
0.77189	0.37993
0.73241	0.3812
0.70312	0.41934
0.66364	0.4257
0.64709	0.40536
0.62671	0.35705
0.60633	0.32653
0.5885	0.32399
0.57322	0.33035
0.55157	0.26551
0.53884	0.26296
0.52992	0.27313
0.5019	0.16888
0.49808	0.15744
0.49936	0.11421
0.52101	0.10913
0.58978	0.065899
0.67383	-0.057425
0.75661	-0.056153
0.82411	-0.095566
0.88651	-0.042168
0.91708	0.08497
0.93491	-0.018012
0.92981	-0.10828
0.92981	-0.077767
0.90689	-0.07141
0.86868	-0.024369
0.83939	-0.052339
0.80246	0.018858
0.77062	0.0392
0.72477	0.11675
0.70694	0.15108
0.67765	0.18541
0.65473	0.19431
0.63435	0.26551
0.61143	0.35069
0.58468	0.28839
0.5694	0.37739
0.5452	0.36213
0.52865	0.43841
0.51336	0.41934
0.49426	0.47274
0.49171	0.49308
0.53884	0.40536
0.59997	0.3545
0.68147	0.32272
0.75152	0.29093
0.81647	0.31382
0.85722	0.12184
0.88906	0.01123
0.90052	0.022672
0.90562	-0.068867
0.89416	-0.024369
0.8725	-0.094295
0.84449	-0.09048
0.80373	-0.043439
0.77062	0.0074157
0.74006	-0.011655
0.70949	-0.031997
0.68784	-0.039625
0.66492	-0.043439
0.63945	0.021401
0.62162	0.040472
0.60124	0.079884
0.58978	0.11675
0.56685	0.15108
0.5452	0.24262
0.53629	0.22228
0.51082	0.26805
0.49936	0.30238
0.48917	0.35577
0.507	0.39519
0.54775	0.36849
0.61015	0.37103
0.69166	0.33416
0.75789	0.41299
0.80883	0.3723
0.84321	0.38374
0.85468	0.42443
0.86868	0.33162
0.85977	0.27186
0.83939	0.25152
0.81902	0.21211
0.7859	0.16507
0.74388	0.12565
0.7044	0.067171
0.66746	-0.040897
0.64199	-0.095566
0.61397	-0.042168
0.58978	0.072256
0.5885	-0.011655
0.56431	-0.010384
0.55794	-0.073953
0.54011	-0.14388
0.54266	-0.043439
0.53884	-0.012926
0.53501	-0.033268
0.53247	-0.015469
0.52737	-0.012926
0.53247	0.14727
0.56303	0.054457
0.62416	0.08497
0.70567	0.20829
0.78336	0.21719
0.86232	0.20702
0.91198	0.16507
0.95401	0.23754
0.97057	0.25406
0.97184	0.21719
0.96547	0.31763
0.94255	0.36976
0.91963	0.3456
0.88015	0.35323
0.84194	0.37739
0.81265	0.35577
0.76425	0.34942
0.72987	0.37357
0.70185	0.30746
0.67383	0.19049
0.64963	0.18541
0.62034	0.18032
0.59232	0.12693
0.56431	0.0481
0.53374	0.018858
0.5261	-0.039625
0.50445	-0.038354
0.48917	-0.098109
0.48407	-0.10319
0.51082	-0.10574
0.54902	-0.031997
0.60761	-0.084124
0.68147	-0.082852
0.77062	-0.093023
0.83685	-0.075224
0.8967	-0.05361
0.94764	-0.0014839
0.96547	0.063356
0.96547	0.10404
0.96038	0.029029
0.93873	0.15871
0.90944	0.21211
0.86741	0.28585
0.82793	0.28076
0.78208	0.34942
0.73751	0.33416
0.70567	0.35705
0.67893	0.37739
0.64581	0.41807
0.63562	0.41426
0.60633	0.47655
0.59105	0.43841
0.56685	0.34815
0.54902	0.32272
0.52865	0.3011
0.50572	0.25788
0.47898	0.14981
0.45351	0.027758
0.44205	-0.011655
0.45096	0.0086871
0.49808	0.053185
0.5694	0.0061443
0.65345	-0.11718
0.73624	-0.25703
0.80755	-0.12608
0.86614	-0.056153
0.89543	-0.11209
0.92599	-0.12862
0.92727	-0.045982
0.92345	-0.13879
0.91453	-0.066324
0.87887	-0.10955
0.84449	0.026486
0.81774	0.029029
0.77699	0.092598
0.73751	0.096412
0.70058	0.17142
0.67001	0.24389
0.64454	0.28712
0.61015	0.28203
0.58723	0.32145
0.56176	0.33797
0.54393	0.4257
0.52355	0.49944
0.50572	0.44986
0.47898	0.37739
0.45988	0.40154
0.45351	0.36086
0.44841	0.32272
0.47388	0.26296
0.53119	0.25025
0.60379	0.20957
0.6802	0.15998
0.75279	0.14472
0.81774	0.065899
0.86996	-0.056153
0.88524	-0.040897
0.90434	-0.076495
0.90562	-0.14388
0.89798	-0.11082
0.88015	-0.12354
0.8534	-0.09048
0.83302	-0.075224
0.78845	-0.10065
0.76298	-0.16676
0.73624	-0.16168
0.70694	-0.096837
0.6802	-0.051068
0.6611	0.11421
0.62416	0.12311
0.61015	0.1371
0.58214	0.10404
0.56176	0.20067
0.53247	0.19558
0.51336	0.23881
0.49299	0.35196
0.47134	0.36722
0.45351	0.40027
0.45478	0.32907
0.48535	0.2922
0.54648	0.35069
0.62671	0.38374
0.70949	0.41553
0.77826	0.26551
0.83939	0.24771
0.86104	0.22228
0.88906	0.23754
0.88651	0.18414
0.86614	0.13328
0.84958	0.030301
0.81265	0.0036016
0.78845	-0.089209
0.74515	-0.12989
0.72477	-0.049796
0.69676	-0.059967
0.68147	-0.048525
0.66492	-0.06251
0.64454	-0.081581
0.656	-0.042168
0.63053	-0.066324
0.62034	-0.0065694
0.59997	-0.06251
0.59232	-0.045982
0.57577	-0.029454
0.55921	0.1282
0.54011	0.14091
0.51973	0.15108
0.50318	0.11548
0.507	0.20321
0.54393	0.23881
0.60888	0.34942
0.68275	0.31
0.75789	0.20448
0.82666	0.34052
0.87633	0.33416
0.91198	0.39392
0.91963	0.36086
0.92472	0.27313
0.91453	0.28839
0.88524	0.22736
0.84831	0.20575
0.80883	0.23245
0.76298	0.17651
0.71458	0.13583
0.67638	0.063356
0.65218	0.053185
0.6178	0.013773
0.59487	-0.087938
0.57832	-0.12099
0.57195	-0.13244
0.5694	-0.11591
0.55666	-0.086666
0.55157	-0.089209
0.5452	-0.10192
0.52355	-0.12989
0.52228	-0.096837
0.51591	-0.037083
0.51209	-0.0027553
0.55794	0.067171
0.60888	0.031572
0.70185	0.044286
0.76807	0.10913
0.83557	0.14981
0.89925	0.20829
0.92599	0.23372
0.9451	0.32907
0.94892	0.24516
0.93491	0.23245
0.91453	0.28331
0.8776	0.26169
0.83939	0.25279
0.79609	0.25279
0.75789	0.1727
0.70949	0.23245
0.67001	0.26423
0.63945	0.28458
0.60761	0.28839
0.58596	0.1638
0.55921	0.20194
0.53119	0.1727
0.51082	0.14345
0.49808	0.13964
0.47134	0.13583
0.45733	0.088784
0.43822	0.12184
0.42931	-0.0065694
0.42676	-0.040897
0.45351	-0.026912
0.51209	-0.029454
0.59232	-0.058696
0.67893	-0.023097
0.78208	-0.084124
0.8585	-0.075224
0.92217	-0.039625
0.95656	-0.03454
0.97312	0.058271
0.98712	-0.0078408
0.97566	0.0099585
0.96165	0.016315
0.93236	0.074799
0.87887	0.13074
0.84321	0.1282
0.80119	0.19939
0.75024	0.25788
0.71968	0.30746
0.67765	0.23372
0.65091	0.26932
0.62798	0.33543
0.58978	0.28966
0.57449	0.28712
0.54648	0.29856
0.53119	0.27568
0.49936	0.31
0.48662	0.23499
0.46115	0.2922
0.44077	0.23626
0.42931	0.19558
0.43568	0.16634
0.4828	0.20702
0.55412	0.15362
0.62034	0.13964
0.71204	0.051914
0.77699	0.016315
0.81392	0.046828
0.84576	-0.0052981
0.86868	-0.033268
0.8725	-0.068867
0.86486	-0.056153
0.84831	-0.087938
0.82793	-0.0065694
0.79227	-0.048525
0.75916	-0.019283
0.73369	-0.031997
0.69166	-0.020555
0.6611	0.0392
0.63435	0.0010588
0.61143	0.023944
0.60379	0.0023302
0.57322	0.0392
0.55539	0.12184
0.53884	0.16252
0.52483	0.20448
0.50318	0.22736
0.48535	0.22609
0.46497	0.20448
0.46115	0.28458
0.44714	0.32526
0.44077	0.30746
0.47516	0.32272
0.53629	0.31
0.61907	0.27695
0.70058	0.27059
0.77954	0.21211
0.8343	0.23118
0.86868	0.19177
0.89416	0.090055
0.90307	0.12947
0.9018	0.14981
0.87633	0.064628
0.85722	0.046828
0.81265	0.027758
0.78208	0.054457
0.74006	-0.075224
0.70567	-0.05361
0.67256	-0.086666
0.64581	-0.02564
0.62416	-0.059967
0.59869	-0.086666
0.58723	-0.10447
0.5694	-0.086666
0.55284	-0.015469
0.53756	-0.040897
0.52101	-0.042168
0.507	-0.03454
0.49553	0.0036016
0.48789	0.11675
0.47388	0.18922
0.4777	0.19431
0.507	0.18287
0.56431	0.086241
0.64581	0.20448
0.72859	0.25661
0.80119	0.3367
0.86741	0.29983
0.90562	0.3456
0.93236	0.3812
0.94764	0.32907
0.95019	0.35832
0.92854	0.2922
0.90052	0.26805
0.8585	0.22609
0.81392	0.17524
0.7668	0.22228
0.73114	0.10023
0.68784	0.078613
0.64199	0.074799
0.61397	0.026486
0.58086	-0.033268
0.55921	-0.070138
0.54266	-0.086666
0.52865	-0.066324
0.50445	-0.094295
0.5019	-0.09938
0.49553	-0.03454
0.48153	-0.12989
0.47516	-0.031997
0.47261	-0.015469
0.47898	0.0086871
0.52737	-0.033268
0.59742	-0.089209
0.67765	0.02013
0.75661	0.063356
0.8292	0.079884
0.88779	0.098955
0.91453	0.10277
0.93746	0.13328
0.94128	0.146
0.93491	0.28458
0.90689	0.23245
0.87505	0.28966
0.84449	0.27695
0.80373	0.37866
0.76807	0.35705
0.72477	0.35323
0.68657	0.3812
0.65345	0.30873
0.6318	0.28966
0.59869	0.31636
0.57067	0.22991
0.5452	0.18032
0.52228	0.14345
0.48789	0.062085
0.45223	0.0392
0.43313	0.10531
0.41148	0.059542
0.38092	-0.019283
0.37455	-0.02564
0.36945	-0.052339
0.39365	-0.063782
0.45733	-0.039625
0.53884	-0.049796
0.63945	-0.07141
0.73369	-0.05361
0.8152	-0.035811
0.8725	-0.037083
0.91326	0.029029
0.94128	0.060814
0.94892	0.023944
0.94764	0.012501
0.91963	0.064628
0.90052	0.14091
0.85977	0.12565
0.81774	0.27059
0.78463	0.28203
0.74642	0.22991
0.70312	0.23245
0.6802	0.31636
0.64836	0.32145
0.61907	0.35196
0.60124	0.33162
0.57322	0.4079
0.54775	0.26042
0.52865	0.31509
0.49808	0.30746
0.4777	0.26169
0.45605	0.19431
0.43822	0.1282
0.4153	0.087513
0.41785	0.14472
0.44077	0.13201
0.507	-0.026912
0.57959	-0.06251
0.66364	-0.10574
0.7426	-0.0091122
0.80246	-0.037083
0.85085	-0.082852
0.88397	-0.10828
0.89416	-0.073953
0.90052	-0.093023
0.89543	-0.15024
0.87378	-0.082852
0.84958	-0.09938
0.82538	-0.068867
0.78208	0.057
0.76043	0.12947
0.72223	0.22482
0.69676	0.15108
0.67001	0.27695
0.64963	0.25915
0.63562	0.28458
0.61143	0.29729
0.58723	0.27695
0.55921	0.32907
0.54393	0.33162
0.51718	0.32907
0.49808	0.27695
0.4828	0.33925
0.44969	0.29729
0.45223	0.25279
0.4828	0.21592
0.53884	0.27059
0.61015	0.24898
0.68657	0.22736
0.7477	0.17778
0.79609	0.051914
0.82793	0.029029
0.83812	0.08497
0.85213	0.20702
0.84576	0.17905
0.81902	0.044286
0.79864	-0.073953
0.76298	-0.16549
0.73241	-0.033268
0.6993	-0.048525
0.67001	0.029029
0.63945	-0.059967
0.61907	-0.066324
0.60124	-0.085395
0.58086	-0.14642
0.57577	-0.089209
0.55666	-0.085395
0.54902	-0.11337
0.53884	0.016315
0.52228	0.12947
0.51209	0.29348
0.49808	0.30746
0.49553	0.3634
0.49808	0.32272
0.54011	0.41426
0.61397	0.39773
0.70312	0.38247
0.80119	0.37103
0.87633	0.35705
0.93236	0.45367
0.97057	0.37866
0.9833	0.28839
0.98458	0.31255
0.96675	0.29856
0.93364	0.25152
0.89543	0.1193
0.85085	0.10531
0.79609	0.13455
0.75152	0.12693
0.71076	0.049371
0.67765	-0.052339
0.63945	-0.047254
0.61907	-0.051068
0.60379	-0.15151
0.58596	-0.098109
0.58086	-0.084124
0.57195	-0.084124
0.55921	-0.10065
0.54775	-0.10955
0.53501	-0.066324
0.53374	-0.0014839
0.53247	-0.058696
0.55539	-0.10065
0.62034	-0.021826
0.68529	0.072256
0.76043	0.12565
0.83302	0.1193
0.88269	0.20067
0.93491	0.30619
0.95783	0.21592
0.95911	0.3456
0.95911	0.32018
0.9451	0.28966
0.91581	0.30365
0.88269	0.36594
0.8343	0.3545
0.78718	0.38247
0.75024	0.3634
0.70949	0.35069
0.66492	0.29093
0.62926	0.23372
0.59614	0.21719
0.5694	0.24262
0.54648	0.29348
0.51209	0.17905
0.48789	0.08497
0.46242	-0.011655
0.44205	-0.02564
0.4204	-0.018012
0.4153	-0.0065694
0.43186	-0.10828
0.48789	-0.16549
0.55284	-0.13752
0.63945	-0.13244
0.71713	-0.10447
0.79227	-0.13371
0.84831	-0.11209
0.88269	-0.087938
0.90562	-0.019283
0.91326	-0.019283
0.9018	0.044286
0.88269	0.10023
0.85468	0.060814
0.82029	0.14218
0.77444	0.16761
0.7426	0.17651
0.70567	0.26423
0.67765	0.22991
0.65728	0.36594
0.63053	0.30873
0.60124	0.25915
0.58214	0.35577
0.55284	0.31255
0.53374	0.34815
0.51336	0.37993
0.49681	0.3367
0.47388	0.31509
0.46115	0.28076
0.43313	0.21974
0.44841	0.16507
0.4828	0.16125
0.54266	0.088784
0.62798	0.10785
0.69548	0.064628
0.75152	0.040472
0.81137	0.017587
0.85468	-0.011655
0.87505	-0.06251
0.88906	-0.11591
0.88651	-0.077767
0.87123	-0.082852
0.84958	-0.080309
0.81392	-0.12354
0.78845	-0.085395
0.75152	-0.14896
0.71713	-0.026912
0.68657	0.0036016
0.65728	0.11548
0.63053	0.051914
0.61525	0.1104
0.59742	0.15362
0.58086	0.21846
0.55157	0.23754
0.53374	0.24262
0.51846	0.23754
0.49681	0.24644
0.47261	0.30238
0.45478	0.30492
0.43695	0.34942
0.44714	0.32145
0.4828	0.33797
0.54902	0.39773
0.62798	0.33162
0.70822	0.34815
0.77699	0.32653
0.82029	0.29348
0.86359	0.19812
0.8776	0.22101
0.87633	0.24644
0.86868	0.19431
0.8585	-0.011655
0.82793	-0.081581
0.79864	-0.047254
0.76425	0.0074157
0.73624	0.065899
0.71204	-0.052339
0.68529	-0.11209
0.66492	-0.082852
0.65091	-0.020555
0.63308	-0.044711
0.6178	-0.12226
0.59487	-0.044711
0.57959	-0.043439
0.56176	-0.077767
0.53756	-0.042168
0.5261	0.018858
0.50318	0.074799
0.49044	0.095141
0.47261	0.10531
0.46752	0.15998
0.48789	0.19431
0.54011	0.24898
0.61652	0.34052
0.68911	0.34433
0.75916	0.29729
0.81392	0.26423
0.86104	0.30746
0.88779	0.37993
0.91198	0.35959
0.91198	0.35959
0.90307	0.35832
0.88015	0.30365
0.85085	0.30873
0.81265	0.27313
0.76553	0.21338
0.71458	0.24135
0.67383	0.1193
0.63053	0.083698
0.59487	-0.056153
0.56303	-0.029454
0.54648	0.044286
0.52355	0.01123
0.50318	-0.028183
0.48789	0.0086871
0.47898	-0.066324
0.47006	-0.10955
0.46242	-0.047254
0.44714	-0.067596
0.44332	-0.10574
0.43695	-0.13879
0.45988	-0.010384
0.49808	-0.035811
0.57704	-0.066324
0.65345	0.13328
0.73624	0.12057
0.79737	0.14472
0.85213	0.19939
0.88397	0.23881
0.91071	0.3367
0.91453	0.27441
0.90689	0.34815
0.8967	0.28839
0.86104	0.3189
0.83048	0.34306
0.791	0.28203
0.75279	0.34306
0.70949	0.33162
0.6751	0.31128
0.64072	0.29348
0.59997	0.2922
0.57322	0.20702
0.54393	0.22228
0.51973	0.23881
0.48789	0.25279
0.48025	0.12311
0.44841	-0.01674
0.42294	-0.018012
0.40639	0.0036016
0.38856	0.054457
0.37582	0.07607
0.37073	0.032843
0.36309	-0.12354
0.39238	-0.12354
0.44714	-0.11209
0.52737	-0.10828
0.61143	-0.085395
0.7044	-0.10065
0.77444	-0.051068
0.83812	0.0010588
0.87505	-0.095566
0.90052	0.015044
0.90944	0.030301
0.91453	0.15998
0.9018	0.22736
0.8725	0.26932
0.85213	0.33416
0.82029	0.27441
0.78718	0.31128
0.7477	0.35577
0.72095	0.41426
0.68657	0.39137
0.66746	0.43841
0.64581	0.41171
0.62416	0.30746
0.60888	0.3278
0.58341	0.26932
0.55921	0.29856
0.53629	0.3011
0.51336	0.20448
0.5019	0.068442
0.46752	0.072256
0.4395	0.13837
0.41657	0.13583
0.40893	-0.09048
0.40002	-0.13625
0.42549	-0.12862
0.47388	-0.067596
0.56176	-0.058696
0.64836	-0.063782
0.72223	-0.10447
0.791	-0.10828
0.83939	-0.10319
0.86359	-0.11845
0.88524	-0.063782
0.88779	-0.024369
0.88651	0.012501
0.86741	-0.011655
0.85468	0.062085
0.81265	0.09387
0.78463	0.19685
0.75024	0.24516
0.71713	0.15617
0.6993	0.19049
0.6802	0.26423
0.65091	0.33035
0.63053	0.34433
0.60888	0.4079
0.58978	0.38502
0.56685	0.38883
0.55921	0.35959
0.54648	0.3723
0.52228	0.3456
0.50954	0.33162
0.48662	0.24516
0.47134	0.17142
0.48025	0.073527
0.49299	0.18032
0.55284	0.090055
0.6178	0.0392
0.69421	-0.063782
0.75789	-0.033268
0.81137	0.037929
0.84703	-0.02564
0.87378	-0.037083
0.88651	-0.13879
0.88142	-0.10319
0.87378	-0.052339
0.85722	-0.080309
0.83048	-0.073953
0.79864	-0.065053
0.7668	-0.0027553
0.73496	-0.033268
0.70312	0.0036016
0.6802	0.0086871
0.6611	0.10785
0.64836	0.21211
0.62798	0.24516
0.6178	0.23881
0.61015	0.27313
0.59869	0.29348
0.57959	0.27568
0.57067	0.36722
0.56303	0.48418
0.54902	0.43206
0.52992	0.43587
0.51591	0.35705
0.52992	0.31
0.57195	0.24516
0.63053	0.18287
0.69293	0.29856
0.7668	0.21719
0.81265	0.14218
0.85722	0.097684
0.89416	0.098955
0.90944	0.062085
0.90689	-0.042168
0.89543	-0.082852
0.88142	-0.024369
0.86996	-0.015469
0.83048	-0.03454
0.80373	-0.068867
0.77317	-0.11209
0.75024	-0.063782
0.72605	-0.075224
0.7044	-0.047254
0.67765	-0.070138
0.64581	-0.0040267
0.64454	-0.011655
0.62926	0.073527
0.62034	0.082427
0.59997	0.10785
0.58086	0.12311
0.55794	0.24135
0.5503	0.21592
0.52101	0.22228
0.50572	0.27059
0.49681	0.27568
0.50063	0.32653
0.52355	0.27568
0.58341	0.3901
0.65728	0.33416
0.74133	0.3545
0.8101	0.3545
0.85722	0.38629
0.88906	0.37612
0.91198	0.30365
0.92599	0.20829
0.91708	0.17524
0.90307	0.18414
0.87505	0.20067
0.8292	0.18159
0.791	0.013773
0.74897	-0.084124
0.71076	-0.14388
0.66492	-0.086666
0.64072	-0.031997
0.62034	0.0086871
0.59869	-0.0078408
0.58596	-0.065053
0.57195	-0.07141
0.55921	-0.091752
0.5503	-0.084124
0.53119	-0.091752
0.51846	0.018858
0.50572	0.034115
0.49808	0.044286
0.48025	0.18541
0.46497	0.18032
0.4637	0.21592
0.46624	0.22864
0.51464	0.26678
0.58596	0.30238
0.66874	0.32907
0.75661	0.36849
0.82284	0.36722
0.88397	0.40154
0.92345	0.3634
0.95146	0.35069
0.95019	0.30873
0.95146	0.3189
0.92217	0.30746
0.90816	0.31763
0.86486	0.13455
0.83302	0.10531
0.78208	0.01123
0.73878	0.078613
0.69293	0.049371
0.6802	-0.073953
0.65728	-0.12481
0.63945	-0.12481
0.63053	-0.093023
0.61652	-0.081581
0.60633	-0.11337
0.60251	-0.089209
0.58978	-0.09048
0.57449	-0.19092
0.57322	-0.09938
0.55921	0.0036016
0.53501	0.063356
0.53501	0.091327
0.54648	0.16634
0.58723	0.23626
0.65218	0.27822
0.71204	0.32907
0.78463	0.35196
0.83939	0.44223
0.88269	0.43587
0.9209	0.44604
0.93109	0.40536
0.92727	0.40281
0.90307	0.42443
0.89161	0.29602
0.86486	0.25279
0.81902	0.11548
0.77444	0.15998
0.72859	0.11421
0.69166	0.092598
0.65982	-0.073953
0.6318	-0.11591
0.61015	-0.12608
0.59487	-0.058696
0.57704	-0.072681
0.57067	-0.021826
0.55921	-0.093023
0.55284	-0.095566
0.54648	-0.014198
0.53374	-0.067596
0.52483	-0.094295
0.51718	-0.052339
0.51846	-0.030726
0.53247	-0.051068
0.58341	0.068442
0.63945	0.14981
0.71076	0.22355
0.77954	0.27186
0.83302	0.25533
0.87378	0.32399
0.89416	0.36976
0.91453	0.42443
0.91326	0.4079
0.9018	0.38502
0.88015	0.35832
0.85722	0.37103
0.81392	0.39264
0.78718	0.36976
0.73878	0.32653
0.69803	0.26169
0.65855	0.24644
0.62416	0.19558
0.57704	0.23372
0.56049	0.19685
0.53247	0.027758
0.51846	-0.047254
0.49553	-0.073953
0.48535	-0.047254
0.4828	-0.095566
0.46752	-0.17185
0.46242	-0.19092
0.45988	-0.12735
0.44969	-0.12226
0.4777	-0.11337
0.51973	-0.073953
0.60124	-0.087938
0.68529	-0.066324
0.7668	0.021401
0.84321	-0.028183
0.89416	0.0099585
0.93746	0.017587
0.95911	0.19177
0.96293	0.18032
0.95401	0.22864
0.93364	0.26678
0.89543	0.27695
0.85722	0.36594
0.81392	0.33416
0.7668	0.3189
0.73114	0.25788
0.68275	0.3189
0.65091	0.37103
0.60633	0.38502
0.58723	0.40536
0.55794	0.37612
0.53247	0.3278
0.51718	0.25788
0.48917	0.18668
0.47388	0.14727
0.44587	0.20702
0.42931	0.18414
0.40766	0.069713
0.39365	-0.015469
0.38856	-0.068867
0.40893	-0.17693
0.47006	-0.10574
0.54648	-0.068867
0.63053	-0.039625
0.72859	-0.037083
0.8101	-0.091752
0.8776	-0.09938
0.91071	-0.061239
0.93618	-0.072681
0.94892	-0.03454
0.94637	-0.072681
0.92854	-0.095566
0.90307	-0.13752
0.87633	-0.035811
0.8292	0.044286
0.80119	0.16761
0.75279	0.12947
0.71713	0.20194
0.6802	0.17905
0.6611	0.32653
0.6318	0.38629
0.59742	0.47783
0.56685	0.3723
0.54902	0.35196
0.52992	0.38502
0.507	0.41044
0.49044	0.36594
0.46752	0.26551
0.45223	0.31255
0.44969	0.34433
0.45223	0.24008
0.5019	0.17142
0.56558	0.095141
0.62416	0.14981
0.69676	0.067171
0.74388	0.0086871
0.79991	-0.094295
0.82793	-0.031997
0.84703	-0.0014839
0.85977	-0.043439
0.86741	-0.035811
0.86359	-0.068867
0.84194	-0.093023
0.82411	-0.098109
0.79864	-0.085395
0.77317	-0.056153
0.73878	-0.09048
0.71076	-0.082852
0.69166	-0.042168
0.66874	0.030301
0.64836	0.017587
0.62416	0.12057
0.61525	0.15998
0.5936	0.22991
0.58086	0.22864
0.56049	0.26169
0.53374	0.24389
0.52483	0.23754
0.49299	0.27313
0.49044	0.29729
0.51718	0.3011
0.56813	0.34306
0.63308	0.40027
0.7044	0.36086
0.76298	0.36849
0.80883	0.3456
0.84831	0.27186
0.86359	0.30238
0.86741	0.28076
0.86868	0.21719
0.84449	0.15235
0.8152	0.11167
0.78845	0.022672
0.7426	0.067171
0.71331	0.1015
0.67765	-0.13371
0.64963	-0.098109
0.62544	-0.12481
0.61397	-0.047254
0.59869	-0.023097
0.58468	0.017587
0.57067	-0.10574
0.56431	-0.09938
0.55157	-0.024369
0.55157	-0.029454
0.5261	0.050643
0.51336	0.09387
0.49299	0.07607
0.48153	0.14472
0.46242	0.20067
0.47388	0.3189
0.49681	0.33543
0.55666	0.39646
0.61907	0.35832
0.70312	0.32653
0.77189	0.3545
0.83048	0.40154
0.86996	0.4168
0.89543	0.40027
0.90307	0.3634
0.90052	0.38756
0.88779	0.27695
0.86359	0.27313
0.82538	0.14345
0.78718	0.17905
0.73624	0.12311
0.70058	0.078613
0.65982	0.044286
0.64072	0.069713
0.60888	-0.010384
0.59487	-0.02564
0.5885	0.012501
0.57577	-0.031997
0.56303	-0.076495
0.55157	-0.049796
0.53629	-0.037083
0.53247	0.027758
0.51591	-0.05361
0.50572	-0.045982
0.49426	0.004873
0.50318	0.031572
0.51591	0.068442
0.56813	0.086241
0.64836	0.1015
0.72987	0.14472
0.80755	0.25152
0.8725	0.30619
0.92345	0.23754
0.9642	0.21338
0.97057	0.28966
0.97439	0.29602
0.96802	0.2922
0.94255	0.33925
0.9209	0.31636
0.87505	0.33416
0.8343	0.3367
0.78336	0.33925
0.75406	0.37866
0.71076	0.30365
0.67383	0.3367
0.64836	0.28966
0.6318	0.25661
0.58978	0.22991
0.57449	0.19685
0.54902	0.15362
0.52992	0.13964
0.50572	0.069713
0.49426	0.012501
0.47516	0.070985
0.46879	0.12693
0.47898	0.053185
0.50572	-0.031997
0.56813	-0.070138
0.6369	0.013773
0.71968	-0.037083
0.79864	-0.051068
0.8585	-0.03454
0.90944	-0.054882
0.9451	0.004873
0.96038	0.032843
0.95529	0.0036016
0.94637	0.059542
0.94	0.10023
0.9018	0.13328
0.86359	0.090055
0.82793	0.20575
0.77572	0.16634
0.7477	0.21719
0.70185	0.15362
0.67128	0.32272
0.64454	0.42061
0.61525	0.4257
0.58214	0.42951
0.56303	0.45113
0.53501	0.4791
0.51082	0.44858
0.48662	0.44477
0.46242	0.4524
0.43568	0.34687
0.41403	0.27822
0.3962	0.24262
0.40384	0.17524
0.43695	0.090055
0.49808	0.054457
0.57449	0.018858
0.65728	0.01123
0.72987	-0.079038
0.79227	-0.098109
0.83939	-0.0040267
0.8725	-0.12735
0.88779	-0.076495
0.89798	-0.039625
0.88906	0.0061443
0.86868	-0.019283
0.84194	-0.045982
0.80373	0.0086871
0.76298	-0.037083
0.72605	0.017587
0.70058	0.021401
0.66364	0.021401
0.62926	0.073527
0.6127	0.17905
0.58468	0.21719
0.56176	0.26423
0.52992	0.37993
0.51591	0.31
0.48789	0.36086
0.4637	0.36467
0.44205	0.37866
0.42167	0.43206
0.40511	0.4079
0.38856	0.41299
0.3911	0.3545
0.40129	0.26296
0.4586	0.23881
0.5261	0.25152
0.62162	0.12693
0.69548	0.15108
0.7668	0.13074
0.80628	0.1282
0.84831	0.068442
0.86868	-0.010384
0.88269	-0.091752
0.88397	-0.033268
0.86741	-0.011655
0.84831	0.1015
0.81902	-0.039625
0.78336	-0.094295
0.76171	-0.073953
0.73241	-0.048525
0.70058	-0.037083
0.68529	-0.049796
0.65345	-0.028183
0.62671	-0.030726
0.61907	-0.026912
0.5936	0.0074157
0.57704	0.146
0.55921	0.20702
0.53247	0.18922
0.51718	0.27568
0.48917	0.24771
0.47643	0.29602
0.46115	0.40027
0.47134	0.4168
0.50445	0.41044
0.56176	0.44604
0.6318	0.36467
0.70822	0.32526
0.77826	0.33925
0.82411	0.31636
0.85595	0.31636
0.8725	0.26805
0.87505	0.18032
0.86232	0.12565
0.84067	0.10531
0.8152	0.07607
0.77826	0.079884
0.7426	-0.0040267
0.71331	-0.011655
0.68529	-0.049796
0.66619	-0.05361
0.64581	-0.033268
0.62671	-0.10065
0.61015	-0.086666
0.59869	-0.072681
0.58214	-0.049796
0.56431	-0.073953
0.55412	-0.084124
0.54648	-0.047254
0.5261	-0.056153
0.53629	0.032843
0.51973	0.043014
0.52992	0.018858
0.57704	0.11167
0.64072	0.12184
0.70567	0.16761
0.79737	0.19812
0.86614	0.27949
0.91326	0.31509
0.9451	0.35705
0.9642	0.34179
0.96929	0.31636
0.95401	0.34942
0.92345	0.37612
0.90434	0.40409
0.85595	0.33797
0.81392	0.33289
0.7668	0.32653
0.72605	0.15998
0.69293	0.19812
0.65473	0.15998
0.62289	0.14472
0.60124	0.090055
0.58214	0.025215
0.57577	0.054457
0.55921	0.030301
0.53756	-0.037083
0.53501	-0.03454
0.52355	-0.049796
0.50827	-0.029454
0.49936	-0.031997
0.50318	-0.029454
0.54648	-0.070138
0.60506	-0.11209
0.68784	-0.13879
0.76043	0.025215
0.83812	0.026486
0.88524	0.046828
0.92472	0.034115
0.93746	0.13201
0.94764	0.19049
0.93491	0.27822
0.91835	0.29983
0.88397	0.24262
0.83812	0.25152
0.79609	0.36467
0.73496	0.35196
0.68529	0.42061
0.64836	0.29856
0.61397	0.32907
0.5885	0.34306
0.55794	0.33416
0.52865	0.34942
0.50954	0.30746
0.4777	0.24644
0.45988	0.23245
0.43058	0.26678
0.4153	0.14218
0.39365	0.17905
0.37582	0.22101
0.36945	0.0392
0.3962	-0.0065694
0.45096	0.0036016
0.52865	0.0392
0.62416	0.012501
0.71713	-0.038354
0.78845	-0.07141
0.85468	-0.045982
0.89161	-0.063782
0.92599	-0.045982
0.93491	-0.059967
0.93618	-0.031997
0.9209	-0.052339
0.90434	-0.026912
0.88142	0.017587
0.83812	-0.023097
0.79991	0.078613
0.75661	0.18668
0.73496	0.22736
0.6993	0.21846
0.67765	0.26169
0.65218	0.28458
0.62162	0.31255
0.60251	0.32145
0.58214	0.28203
0.54775	0.29348
0.5261	0.26551
0.49553	0.29602
0.47261	0.32399
0.44714	0.34942
0.43822	0.32272
0.45605	0.33035
0.50318	0.26805
0.56813	0.37484
0.64709	0.28839
0.73751	0.31509
0.79737	0.27822
0.84703	0.15108
0.88397	-0.048525
0.89798	-0.0065694
0.90562	0.037929
0.89033	0.10531
0.88524	-0.039625
0.84958	-0.066324
0.81265	-0.077767
0.78845	-0.072681
0.75406	-0.067596
0.72477	-0.067596
0.69293	-0.059967
0.6802	-0.10574
0.6611	-0.080309
0.63817	-0.048525
0.62416	0.10785
0.59614	0.19049
0.58978	0.15235
0.56685	0.19304
0.54648	0.26423
0.52101	0.22609
0.49808	0.32907
0.48153	0.25788
0.46752	0.24262
0.47261	0.26805
0.507	0.22991
0.56049	0.31636
0.6369	0.2922
0.71841	0.28076
0.78336	0.33035
0.84194	0.34179
0.86996	0.32272
0.88906	0.35832
0.90052	0.31128
0.89416	0.26423
0.8725	0.18414
0.85468	0.18668
0.81647	0.1549
0.78208	0.063356
0.74133	-0.0091122
0.70567	0.01123
0.68275	-0.012926
0.66364	-0.01674
0.64454	0.0023302
0.62671	0.0036016
0.6178	-0.075224
0.60633	-0.15659
0.58978	-0.196
0.58214	-0.11845
0.56176	-0.077767
0.55412	-0.023097
0.53756	-0.066324
0.51336	0.025215
0.50954	0.079884
0.51209	0.18414
0.55794	0.24771
0.62034	0.25025
0.69421	0.32907
0.77572	0.38374
0.83685	0.43968
0.89161	0.46384
0.91581	0.4613
0.93746	0.44477
0.94637	0.43333
0.93873	0.37739
0.91581	0.4257
0.88651	0.40154
0.85213	0.31255
0.80373	0.17397
0.75789	0.17015
0.71331	0.20702
0.67638	0.14727
0.64199	0.09387
0.61015	0.016315
0.58468	-0.058696
0.56431	-0.12354
0.54138	-0.09938
0.52737	-0.14515
0.51464	-0.061239
0.49553	-0.12989
0.48662	-0.10701
0.47261	-0.15659
0.46115	-0.067596
0.46115	-0.085395
0.49171	-0.018012
0.53247	-0.047254
0.62289	-0.0091122
0.6993	0.058271
0.77699	0.13201
0.84831	0.21211
0.89416	0.21719
0.92599	0.27568
0.93873	0.34052
0.9451	0.3634
0.92854	0.43206
0.90307	0.43206
0.8725	0.42824
0.8343	0.38247
0.791	0.4168
0.74642	0.38883
0.70567	0.33797
0.67383	0.32399
0.64072	0.29602
0.61015	0.26042
0.58723	0.20957
0.56049	0.1193
0.53501	0.044286
0.51591	0.025215
0.49044	0.0061443
0.47516	-0.028183
0.44841	-0.11209
0.4395	-0.14261
0.4395	-0.20236
0.43313	-0.20109
0.46115	-0.14896
0.51336	-0.066324
0.59869	-0.077767
0.69039	-0.077767
0.77062	-0.11464
0.85213	-0.011655
0.90689	0.044286
0.93873	0.044286
0.95656	0.18922
0.96038	0.22482
0.95401	0.23372
0.92599	0.24389
0.88906	0.29348
0.8585	0.34942
0.8101	0.34052
0.76043	0.41299
0.71586	0.43841
0.68529	0.41044
0.656	0.40536
0.62926	0.3634
0.59869	0.35959
0.57959	0.34179
0.55412	0.26169
0.52865	0.25661
0.50063	0.19049
0.4777	0.046828
0.44077	0.1104
0.42422	0.004873
0.39492	-0.024369
0.38092	-0.048525
0.38983	-0.14515
0.42931	-0.11337
0.507	-0.12354
0.59997	-0.12608
0.69676	-0.094295
0.79227	-0.11337
0.86996	-0.076495
0.92345	-0.061239
0.96293	-0.081581
0.98712	-0.0014839
0.9884	0.036657
0.98712	0.074799
0.95529	0.10277
0.92981	0.12565
0.88142	0.28712
0.83048	0.23372
0.79482	0.18032
0.74388	0.28839
0.70312	0.30619
0.67256	0.40409
0.64199	0.40536
0.61652	0.33162
0.59232	0.17397
0.56176	0.31
0.53884	0.42189
0.50063	0.5414
0.48535	0.50071
0.47261	0.35705
0.44841	0.25915
0.44077	0.10277
0.43568	0.14218
0.44459	0.16252
0.47134	0.07607
0.53374	-0.012926
0.60379	-0.10828
0.67765	-0.2227
0.74642	-0.14896
0.80246	-0.09938
0.84576	-0.19473
0.87633	-0.17439
0.89925	-0.13498
0.91071	-0.12226
0.90944	-0.072681
0.90562	0.012501
0.8725	-0.024369
0.84194	0.021401
0.8152	0.1193
0.77699	0.17524
0.74133	0.19558
