0.57577	0.11803
0.68911	0.12947
0.791	0.13583
0.88397	0.13201
0.9451	0.146
0.98458	0.10023
1.0011	0.10785
1.0126	0.1193
0.99986	0.064628
0.96675	0.062085
0.92981	0.088784
0.87378	0.1104
0.82793	0.19431
0.76935	0.22482
0.71841	0.25661
0.67893	0.19558
0.63562	0.21084
0.60251	0.19939
0.57704	0.19304
0.54902	0.22101
0.5261	0.27059
0.50318	0.27441
0.47643	0.25788
0.45223	0.30492
0.43186	0.33416
0.39874	0.35069
0.37327	0.28585
0.34908	0.29602
0.34144	0.23626
0.36436	0.16507
0.44714	0.18668
0.53756	0.16125
0.65728	0.030301
0.75789	0.054457
0.83939	0.012501
0.90434	0.059542
0.94637	0.060814
0.97057	0.16634
0.97312	-0.10319
0.96293	-0.070138
0.94764	-0.084124
0.91453	-0.11464
0.86741	-0.11591
0.82666	-0.039625
0.77826	0.029029
0.74133	0.1104
0.70822	0.1371
0.66874	0.19431
0.65091	0.28585
0.62416	0.26678
0.59742	0.15617
0.56813	0.22864
0.54775	0.24516
0.50954	0.31509
0.47516	0.27059
0.43568	0.3901
0.37964	0.29856
0.34653	0.40154
0.30323	0.42697
0.28285	0.50071
0.3045	0.48164
0.37582	0.46511
0.49044	0.4791
0.60251	0.34815
0.72223	0.29983
0.80373	0.25788
0.88015	0.20067
0.92472	0.12565
0.94637	0.16634
0.9451	0.049371
0.93491	-0.042168
0.90816	-0.12354
0.87887	-0.09938
0.84194	-0.054882
0.80883	-0.17693
0.77699	-0.15405
0.74133	-0.14769
0.71204	-0.07141
0.68529	-0.13498
0.66492	-0.20109
0.64327	-0.16549
0.62289	-0.12862
0.58723	0.01123
0.56813	0.017587
0.53756	0.041743
0.50572	0.10658
0.4777	0.09387
0.45478	0.28712
0.43313	0.32145
0.43695	0.39519
0.45605	0.32653
0.53247	0.17905
0.63053	0.27695
0.73369	0.40154
0.8292	0.44986
0.90689	0.51724
0.96038	0.48037
1.005	0.47528
1.0266	0.45621
1.0292	0.34179
1.0126	0.33162
0.9884	0.28458
0.94128	0.24771
0.88397	0.20067
0.82284	0.015044
0.74642	-0.039625
0.67638	-0.12481
0.62034	-0.012926
0.56685	-0.094295
0.53119	-0.22016
0.51973	-0.23415
0.48407	-0.2405
0.46242	-0.16931
0.44841	-0.089209
0.43313	-0.15151
0.4153	-0.14896
0.40766	-0.12862
0.39747	-0.14515
0.41021	-0.067596
0.46115	0.043014
0.53756	-0.038354
0.63308	0.013773
0.73751	0.057
0.82666	0.1371
0.89416	0.24135
0.94764	0.34815
0.97821	0.3545
0.99731	0.29983
0.98458	0.27313
0.98712	0.39137
0.95146	0.4435
0.92472	0.37993
0.8725	0.43587
0.84194	0.49054
0.79354	0.41426
0.76171	0.38502
0.71968	0.30873
0.68402	0.27695
0.656	0.32399
0.61397	0.39264
0.5694	0.1638
0.52101	-0.15913
0.46624	-0.17439
0.41657	-0.09938
0.38346	-0.023097
0.3529	-0.24177
0.32997	-0.26847
0.3478	-0.26085
0.39492	-0.12862
0.47516	-0.096837
0.57322	-0.19346
0.67893	-0.26212
0.77189	-0.12226
0.85977	-0.17185
0.90816	-0.066324
0.95019	-0.012926
0.96675	0.054457
0.96675	0.18159
0.94892	0.22736
0.93236	0.18668
0.90307	0.31255
0.86741	0.27695
0.81902	0.35069
0.78463	0.36086
0.74006	0.36976
0.70312	0.36594
0.67001	0.41426
0.65218	0.45748
0.62162	0.42316
0.61015	0.4079
0.58468	0.31
0.56685	0.26932
0.53884	0.23245
0.51082	0.25279
0.46624	0.28839
0.43186	0.20829
0.40639	0.016315
0.40766	-0.098109
0.44841	-0.20872
0.507	-0.075224
0.59487	0.053185
0.68275	-0.10574
0.75661	-0.27102
0.81774	-0.29772
0.85468	-0.25067
0.88651	-0.15405
0.89798	-0.24432
0.90434	-0.28627
0.8776	-0.2761
0.84831	-0.14769
0.81902	0.013773
0.77189	0.0010588
0.73241	0.081156
0.70567	0.18159
0.67001	0.18159
0.66364	0.33035
0.6611	0.31128
0.65091	0.41807
0.62798	0.3901
0.61652	0.4168
0.60124	0.4346
0.57959	0.40663
0.55794	0.44604
0.53374	0.36722
0.49553	0.35196
0.45988	0.28966
0.44332	0.28076
0.44459	0.3011
0.48789	0.29856
0.54393	0.15617
0.6178	0.12057
0.68784	0.054457
0.73496	0.035386
0.77699	-0.11845
0.79991	-0.12735
0.81137	-0.07141
0.80755	-0.10955
0.79864	-0.093023
0.78208	-0.30789
0.76171	-0.29644
0.73751	-0.26085
0.70185	-0.19346
0.66364	-0.21889
0.6318	-0.21635
0.60124	-0.18075
0.57449	-0.084124
0.55666	0.017587
0.53756	0.11675
0.53119	0.18668
0.51973	0.24389
0.52355	0.3189
0.51718	0.399
0.52865	0.38883
0.52992	0.42443
0.53247	0.44096
0.53374	0.40281
0.53629	0.39264
0.55794	0.39773
0.61907	0.33925
0.69039	0.37866
0.77317	0.31255
0.8292	0.25661
0.89161	0.26805
0.93236	0.26551
0.95529	0.26678
0.96165	0.21465
0.95401	0.092598
0.91581	0.027758
0.88142	-0.026912
0.8152	-0.011655
0.75279	0.072256
0.69039	-0.085395
0.64709	-0.086666
0.60379	-0.09938
0.56558	-0.15151
0.53756	-0.20999
0.51973	-0.13498
0.50063	-0.15786
0.48153	-0.17185
0.46879	-0.075224
0.45988	-0.033268
0.43695	-0.018012
0.42804	0.046828
0.41403	0.12057
0.40257	0.19558
0.3911	0.27186
0.41275	0.23881
0.45096	0.30746
0.5452	0.31763
0.62544	0.28076
0.73496	0.33925
0.83175	0.35577
0.91071	0.38374
0.96802	0.34687
1.0113	0.36722
1.0241	0.36722
1.0215	0.30873
1.0088	0.31
0.9833	0.22482
0.93236	0.21084
0.88142	0.24516
0.82793	0.13201
0.76171	0.10658
0.71076	0.078613
0.64199	0.072256
0.5885	0.029029
0.53374	-0.030726
0.49553	-0.076495
0.46752	-0.13371
0.44714	-0.11845
0.42676	-0.065053
0.40384	-0.14896
0.40257	-0.17058
0.36945	-0.27102
0.36054	-0.20999
0.35417	-0.24177
0.33889	-0.039625
0.34653	-0.039625
0.38983	-0.01674
0.46115	0.081156
0.55284	0.12057
0.65855	0.26296
0.76425	0.25788
0.84831	0.28839
0.91835	0.27822
0.95783	0.30365
0.98712	0.37103
1.0037	0.4613
1.0062	0.42824
0.9833	0.38374
0.95019	0.27568
0.91453	0.3723
0.87123	0.29856
0.8292	0.27822
0.77699	0.15998
0.72605	0.14981
0.67638	0.14218
0.62416	0.18287
0.57959	0.10404
0.54266	-0.010384
0.49681	-0.12354
0.45733	-0.14642
0.42676	-0.094295
0.40257	-0.084124
0.37709	-0.054882
0.35544	-0.20618
0.33507	-0.18075
0.33634	-0.15405
0.32615	-0.19473
0.34908	-0.2049
0.39238	-0.18075
0.46497	-0.13116
0.56049	-0.080309
0.65855	0.0036016
0.75152	0.062085
0.82538	0.0010588
0.88397	0.055728
0.92599	0.14727
0.9451	0.11675
0.94764	0.20067
0.93873	0.2922
0.93873	0.24644
0.89925	0.18541
0.86996	0.23372
0.82284	0.27313
0.7859	0.33162
0.74388	0.35705
0.71076	0.3634
0.68402	0.31509
0.65728	0.29729
0.63945	0.26296
0.6127	0.21211
0.58468	0.14345
0.55666	0.16252
0.51973	0.065899
0.4828	0.092598
0.44587	0.057
0.41275	-0.052339
0.37709	-0.11464
0.35672	-0.12354
0.372	-0.14642
0.41785	-0.14388
0.49171	-0.15278
0.57832	-0.16676
0.64709	-0.15532
0.7235	-0.16041
0.77954	-0.15151
0.82284	-0.196
0.83939	-0.14896
0.85468	-0.079038
0.84576	0.036657
0.83557	0.031572
0.81265	0.055728
0.79864	0.19431
0.76935	0.28076
0.75534	0.19049
0.72223	0.29856
0.71204	0.26805
0.69676	0.30619
0.69166	0.43333
0.66746	0.31255
0.65091	0.30238
0.62926	0.37612
0.62162	0.38502
0.58468	0.3901
0.56303	0.37866
0.53756	0.21084
0.51336	0.1371
0.50063	0.12565
0.48025	0.1104
0.49299	0.086241
0.53374	-0.047254
0.59614	-0.11972
0.66364	-0.12354
0.72223	-0.098109
0.77317	-0.12989
0.81392	-0.15913
0.84958	-0.16803
0.8534	-0.14515
0.86996	-0.16168
0.86868	-0.21635
0.85595	-0.19219
0.82284	-0.15659
0.79482	-0.15913
0.77317	0.0099585
0.7426	0.0086871
0.71713	0.077342
0.68784	0.16507
0.67383	0.21719
0.65728	0.27822
0.65218	0.28203
0.63817	0.29475
0.62544	0.33925
0.62289	0.29602
0.60761	0.33162
0.58723	0.30619
0.58341	0.37739
0.56176	0.33416
0.54138	0.3011
0.52992	0.26169
0.52228	0.21592
0.55794	0.22355
0.60506	0.13964
0.67001	0.21465
0.7426	0.12693
0.80373	0.098955
0.84576	0.0036016
0.87378	0.025215
0.88779	0.069713
0.88269	-0.039625
0.8725	-0.11209
0.85468	-0.14642
0.81902	-0.09938
0.79354	-0.094295
0.75279	-0.094295
0.71586	-0.11845
0.68657	-0.076495
0.66364	-0.16422
0.64327	-0.13625
0.62798	-0.058696
0.61143	-0.15786
0.59742	-0.09938
0.5936	0.026486
0.56558	0.053185
0.55539	0.1371
0.54266	0.10023
0.52228	0.1727
0.51591	0.25915
0.50445	0.3011
0.49426	0.25915
0.49299	0.26551
0.51209	0.29475
0.55284	0.40281
0.62926	0.41044
0.71586	0.48545
0.81392	0.44477
0.90052	0.38756
0.96293	0.37612
1.0177	0.19558
1.0342	0.22482
1.0355	0.22736
1.0024	0.26932
0.96293	0.12184
0.91453	0.015044
0.86868	0.017587
0.80373	-0.082852
0.74388	-0.12099
0.69039	-0.16422
0.64709	-0.12989
0.62034	-0.13371
0.59105	-0.13498
0.56813	-0.16676
0.54902	-0.15532
0.54266	-0.25067
0.53629	-0.2227
0.52992	-0.17948
0.51973	-0.18075
0.50827	-0.048525
0.49808	-0.018012
0.49299	0.004873
0.50063	0.088784
0.52865	0.25279
0.58978	0.19685
0.66619	0.29602
0.75534	0.34179
0.84831	0.36976
0.92472	0.39646
0.98203	0.38502
1.0164	0.4257
1.0381	0.43206
1.0266	0.34942
1.0164	0.42824
0.99094	0.36722
0.94382	0.31128
0.90052	0.21592
0.84831	0.18032
0.79991	0.21465
0.73751	0.146
0.69293	0.096412
0.64199	-0.10065
0.6127	-0.075224
0.57067	-0.077767
0.53756	-0.13625
0.50445	-0.23796
0.48662	-0.27102
0.46497	-0.285
0.44332	-0.26466
0.43186	-0.26339
0.43186	-0.27356
0.4344	-0.25322
0.47134	-0.18075
0.53884	-0.093023
0.62416	0.11421
0.71076	0.13074
0.80373	0.22228
0.8725	0.22736
0.92345	0.29729
0.96675	0.44477
0.99094	0.4702
1.0024	0.5325
0.99859	0.4791
0.96802	0.44986
0.94382	0.42316
0.90434	0.36976
0.85468	0.40409
0.80119	0.41299
0.75279	0.3189
0.70949	0.17905
0.66492	0.09387
0.63308	0.19685
0.59232	0.11294
0.55539	-0.021826
0.51846	-0.035811
0.48917	-0.15532
0.45605	-0.054882
0.43058	-0.10065
0.41021	-0.12989
0.38983	-0.19092
0.39365	-0.23542
0.43058	-0.17185
0.50063	-0.14769
0.57322	-0.21889
0.67001	-0.24305
0.75279	-0.2227
0.80628	-0.026912
0.86741	0.051914
0.89543	0.095141
0.91708	0.13583
0.92345	0.18414
0.91326	0.23754
0.89416	0.24898
0.87378	0.35705
0.84067	0.43587
0.8101	0.49308
0.77189	0.47528
0.73624	0.41299
0.71076	0.4613
0.67893	0.42697
0.65473	0.43841
0.61907	0.29856
0.58978	0.26042
0.55921	0.16507
0.52865	0.22736
0.49044	0.12693
0.46115	0.11548
0.4204	-0.095566
0.3962	-0.14006
0.37582	-0.21508
0.36563	-0.13625
0.39365	-0.18202
0.45096	-0.14515
0.54266	-0.13752
0.62162	-0.15405
0.69293	-0.18711
0.75789	-0.24813
0.79737	-0.32441
0.83175	-0.14896
0.84194	-0.048525
0.84321	0.016315
0.83685	0.13583
0.81902	0.097684
0.79737	0.13455
0.77189	0.17905
0.75661	0.23881
0.72605	0.35832
0.70058	0.33289
0.6802	0.36467
0.65091	0.41171
0.63562	0.4435
0.62162	0.43079
0.59869	0.4524
0.58468	0.46384
0.56049	0.44604
0.54266	0.43968
0.5261	0.3545
0.49808	0.24898
0.48535	0.146
0.48407	0.16125
0.50318	0.13074
0.5503	-0.0027553
0.61907	-0.14006
0.6802	-0.13371
0.74515	-0.19728
0.78972	-0.16168
0.81392	-0.098109
0.83685	-0.18456
0.84449	-0.22779
0.84831	-0.14896
0.8292	-0.19982
0.80501	-0.20109
0.77317	-0.18838
0.73878	-0.17058
0.70058	-0.09938
0.65982	0.096412
0.63817	0.079884
0.6127	0.12057
0.59869	0.11675
0.5885	0.16507
0.58341	0.27186
0.57704	0.43587
0.57195	0.40663
0.56813	0.47401
0.55794	0.36976
0.55666	0.44477
0.54138	0.46384
0.53374	0.49181
0.54775	0.48418
0.58341	0.4613
0.64709	0.45621
0.71458	0.27568
0.77826	0.17651
0.83812	0.19049
0.8725	0.10023
0.8967	0.035386
0.90944	0.036657
0.89543	-0.17439
0.87633	-0.23796
0.85595	-0.22143
0.82029	-0.23033
0.77826	-0.17185
0.73751	-0.27102
0.70185	-0.26085
0.65855	-0.25957
0.63435	-0.20363
0.61525	-0.21253
0.58723	-0.14515
0.56813	-0.044711
0.55284	0.07607
0.54393	0.10404
0.54393	0.077342
0.53374	0.17524
0.52483	0.25152
0.52355	0.3278
0.52228	0.4257
0.51846	0.4257
0.53247	0.4257
0.56813	0.44858
0.6178	0.51597
0.68529	0.4524
0.77826	0.49944
0.85468	0.42443
0.91581	0.4079
0.96675	0.30746
0.99859	0.25279
1.0062	0.20321
1.0011	0.12693
0.97057	-0.052339
0.92727	-0.12226
0.86868	-0.19855
0.80755	-0.24305
0.73751	-0.15786
0.6802	-0.23796
0.6318	-0.31424
0.58214	-0.18456
0.54648	-0.14642
0.507	-0.14515
0.48535	-0.15532
0.46497	-0.14515
0.44205	-0.11464
0.43186	-0.072681
0.42676	-0.087938
0.42422	-0.038354
0.40893	-0.077767
0.40766	0.11548
0.41148	0.22991
0.4344	0.32272
0.48025	0.27313
0.55921	0.48164
0.64454	0.40663
0.75152	0.44986
0.85468	0.41171
0.94764	0.31255
1.0075	0.40027
1.0457	0.48164
1.0635	0.36849
1.0763	0.34815
1.0521	0.15362
1.0088	0.16634
0.95911	0.10277
0.88906	0.14981
0.81137	0.13964
0.75024	-0.038354
0.69803	-0.18075
0.65728	-0.19982
0.62162	-0.21253
0.5936	-0.21126
0.5694	-0.13879
0.5503	-0.19219
0.52483	-0.15786
0.50827	-0.14642
0.507	-0.13625
0.48789	-0.098109
0.48153	-0.082852
0.47516	-0.015469
0.4777	0.078613
0.51464	0.13328
0.56813	0.13455
0.64327	0.1638
0.72732	0.29602
0.8152	0.29983
0.89543	0.31509
0.94255	0.24262
0.97948	0.32018
0.99222	0.34687
1.0075	0.32907
0.9884	0.28839
0.96038	0.31763
0.92599	0.21974
0.87887	0.28839
0.82284	0.21338
0.78845	0.23754
0.72605	0.15617
0.67893	0.15362
0.63308	0.051914
0.60251	0.081156
0.5694	0.058271
0.53374	-0.018012
0.50063	-0.098109
0.47134	-0.12481
0.45096	-0.12099
0.42676	-0.038354
0.40511	-0.093023
0.40002	-0.23287
0.39238	-0.20745
0.41657	-0.18202
0.46624	-0.21508
0.55284	-0.15405
0.63053	-0.15913
0.71331	-0.075224
0.78845	-0.07141
0.84194	0.065899
0.8967	0.088784
0.91708	0.10404
0.91835	0.096412
0.91963	0.12947
0.90562	0.20067
0.88779	0.27059
0.84958	0.20575
0.82029	0.34306
0.77826	0.45621
0.74642	0.36467
0.71586	0.42443
0.68911	0.42951
0.67383	0.42697
0.64454	0.3189
0.62416	0.29602
0.59232	0.26042
0.5694	0.28331
0.54393	0.30873
0.51336	0.044286
0.48407	0.055728
0.45478	-0.048525
0.42167	-0.015469
0.3962	-0.081581
0.37455	-0.2049
0.38219	-0.20872
0.41912	-0.2672
0.4777	-0.18965
0.56049	-0.18583
0.64454	-0.14769
0.7235	-0.20109
0.77444	-0.15405
0.81902	-0.15913
0.84321	-0.15024
0.86359	-0.09048
0.86232	-0.048525
0.86359	-0.058696
0.83939	0.031572
0.81774	0.092598
0.79864	0.19812
0.76043	0.20067
0.73878	0.26678
0.71713	0.22609
0.69676	0.33035
0.6802	0.2922
0.65473	0.24644
0.62798	0.34815
0.6127	0.3367
0.58978	0.35323
0.57195	0.34687
0.55157	0.30365
0.52355	0.20575
0.49553	0.23372
0.48153	0.23881
0.45733	0.1727
0.44077	0.1193
0.4344	0.088784
0.45223	0.063356
0.50318	0.058271
0.5694	-0.028183
0.65218	-0.15532
0.71713	-0.10828
0.77317	-0.13371
0.81647	-0.18838
0.83302	-0.17058
0.84703	-0.19092
0.84703	-0.16676
0.84321	-0.17693
0.82411	-0.14388
0.80246	-0.21889
0.76425	-0.12354
0.73241	-0.077767
0.68529	0.083698
0.65855	0.046828
0.64072	0.082427
0.62671	0.14981
0.62034	0.11421
0.61015	0.21084
0.61143	0.20448
0.61015	0.17524
0.59487	0.31382
0.59614	0.26551
0.57067	0.40917
0.56558	0.41553
0.55284	0.32018
0.54266	0.40663
0.54775	0.39646
0.58468	0.34052
0.64327	0.3545
0.7044	0.22101
0.78463	0.23245
0.83812	0.11548
0.87378	0.12438
0.89543	0.14472
0.9018	-0.039625
0.9018	-0.084124
0.88015	-0.14896
0.8534	-0.065053
0.81902	-0.079038
0.791	-0.096837
0.74515	-0.13116
0.70694	-0.18456
0.66619	-0.21762
0.64454	-0.17948
0.61143	-0.19092
0.58341	-0.13498
0.5694	-0.14642
0.56303	0.0036016
0.54266	0.092598
0.54902	0.044286
0.53374	0.057
0.52101	0.08497
0.51846	0.034115
0.51336	0.19558
0.50572	0.23626
0.51973	0.36086
0.53119	0.37739
0.57959	0.21719
0.65091	0.32526
0.72987	0.33543
0.81137	0.42697
0.88269	0.45621
0.93109	0.3812
0.96165	0.30365
0.96929	0.26042
0.96038	0.20957
0.94255	0.22609
0.91963	0.18795
0.87633	0.12184
0.8292	0.059542
0.77444	-0.040897
0.71713	-0.10065
0.66746	-0.12989
0.62416	-0.11082
0.5885	-0.026912
0.55412	-0.07141
0.52865	-0.15405
0.50827	-0.18583
0.49936	-0.25067
0.48025	-0.10828
0.47643	-0.17693
0.47006	-0.18583
0.46115	-0.17185
0.45351	-0.087938
0.45223	0.02013
0.45223	-0.058696
0.46624	0.055728
0.50063	0.068442
0.5694	0.15617
0.65855	0.1549
0.75152	0.19049
0.83302	0.34433
0.91708	0.26551
0.97439	0.25279
0.99604	0.33162
1.0062	0.33543
1.01	0.29729
0.99731	0.39773
0.96547	0.3901
0.93491	0.3367
0.87378	0.30619
0.82793	0.26932
0.77317	0.23118
0.71841	0.21211
0.6751	0.17905
0.6369	0.12438
0.60124	0.037929
0.55794	-0.10828
0.52865	-0.14642
0.48917	-0.14515
0.46115	-0.11337
0.42931	-0.10447
0.41021	-0.16803
0.38856	-0.19473
0.37582	-0.22143
0.35926	-0.18583
0.35035	-0.16931
0.36309	-0.19982
0.41275	-0.18965
0.48407	-0.17439
0.57704	-0.11972
0.67256	-0.05361
0.75789	-0.043439
0.82666	0.022672
0.88142	0.11421
0.91326	0.18032
0.94637	0.21211
0.94128	0.35705
0.92599	0.34306
0.91071	0.34179
0.86868	0.40027
0.83557	0.35323
0.79354	0.31763
0.75024	0.30746
0.71586	0.33289
0.68147	0.28839
0.64836	0.28839
0.6178	0.27822
0.58341	0.28331
0.55794	0.18668
0.52865	0.146
0.49171	0.12057
0.47643	0.08497
0.4395	-0.019283
0.42294	-0.024369
0.40257	-0.12862
0.3962	-0.16931
0.40766	-0.047254
0.46242	-0.12862
0.53374	-0.12099
0.62289	-0.22016
0.71586	-0.16549
0.791	-0.14769
0.84958	-0.14261
0.88524	-0.17058
0.90434	-0.17439
0.90689	-0.077767
0.90434	-0.086666
0.89288	-0.045982
0.8534	0.026486
0.83175	0.12311
0.79354	0.15617
0.77062	0.12184
0.72605	0.15871
0.7044	0.19049
0.68657	0.33797
0.67256	0.3456
0.65855	0.33289
0.64199	0.35832
0.6318	0.34306
0.61525	0.34942
0.59614	0.41553
0.57449	0.36849
0.55284	0.37612
0.54011	0.31255
0.52865	0.29093
0.53884	0.14472
0.58341	0.20829
0.63945	0.14727
0.70822	0.069713
0.7668	-0.045982
0.8152	-0.16931
0.84321	-0.14388
0.86232	-0.087938
0.85722	-0.10701
0.8534	-0.12226
0.83302	-0.18329
0.81774	-0.19346
0.78081	-0.18838
0.7477	-0.21126
0.70822	-0.2316
0.67638	-0.20745
0.63562	-0.18075
0.62162	0.004873
0.60379	-0.0078408
0.57322	0.021401
0.57832	0.095141
0.56431	0.14981
0.54902	0.25152
0.55284	0.24771
0.54775	0.27822
0.53374	0.29983
0.53374	0.25915
0.52101	0.33289
0.5261	0.37866
0.57195	0.40917
0.63308	0.3901
0.71204	0.30238
0.77699	0.39264
0.84449	0.36086
0.89925	0.34052
0.92599	0.27568
0.93618	0.16125
0.93618	0.1193
0.92345	0.12693
0.89543	0.11294
0.84958	0.077342
0.8101	-0.0052981
0.75406	-0.096837
0.69676	-0.15532
0.64454	-0.13879
0.59614	-0.14134
0.55539	-0.15532
0.52865	-0.17693
0.49681	-0.20999
0.49171	-0.11337
0.46879	-0.14006
0.45351	-0.20363
0.44841	-0.15024
0.4344	-0.13498
0.41785	-0.10574
0.41148	0.013773
0.40893	0.035386
0.4153	0.045557
0.45605	0.15617
0.5261	0.16252
0.62162	0.1549
0.71968	0.20067
0.82029	0.3011
0.89288	0.3189
0.95274	0.38883
0.99094	0.34052
1.005	0.35959
1.0088	0.34815
0.98458	0.34433
0.95783	0.34815
0.9209	0.34179
0.86868	0.19812
0.81137	0.18541
0.76043	0.21465
0.71331	0.19685
0.66364	0.10404
0.62034	0.049371
0.5936	-0.10828
0.55921	-0.13371
0.53374	-0.13879
0.50318	-0.16803
0.4828	-0.15913
0.4637	-0.098109
0.44969	-0.15913
0.43186	-0.11082
0.4204	-0.077767
0.43313	-0.16041
0.47898	-0.20363
0.55412	-0.11845
0.63817	-0.16168
0.72987	-0.087938
0.81137	-0.073953
0.87633	0.086241
0.92599	0.10023
0.95911	0.017587
0.97184	0.16761
0.97312	0.24262
0.96929	0.28203
0.93491	0.27313
0.90689	0.31382
0.86996	0.38374
0.83302	0.34815
0.78463	0.36467
0.75661	0.43841
0.71331	0.31636
0.68275	0.3545
0.656	0.16761
0.62926	0.20702
0.59997	0.17397
0.57322	0.18032
0.54266	0.1282
0.507	0.031572
0.48535	-0.048525
0.4586	-0.086666
0.44714	-0.057425
0.47134	-0.12862
0.51336	-0.13371
0.58596	-0.22016
0.65728	-0.21508
0.73114	-0.23542
0.79354	-0.18711
0.84067	-0.13752
0.87378	-0.21635
0.89288	-0.17058
0.89161	-0.15532
0.88015	-0.031997
0.86486	0.074799
0.84449	0.11167
0.80119	0.17142
0.7668	0.13201
0.73369	0.22101
0.71204	0.20067
0.69421	0.3634
0.67128	0.29475
0.66492	0.30746
0.65473	0.31
0.62034	0.33925
0.60124	0.29729
0.5694	0.27059
0.54902	0.3723
0.51973	0.3545
0.50063	0.37866
0.48535	0.25661
0.4777	0.20448
0.50063	0.15362
0.55666	0.25406
0.6318	0.21211
0.71713	0.17015
0.79864	0.034115
0.84576	-0.11337
0.88015	-0.065053
0.88906	-0.12735
0.89033	-0.075224
0.88015	-0.06251
0.85595	-0.13625
0.82793	-0.15405
0.78845	-0.17185
0.73241	-0.17439
0.70058	-0.15786
0.65982	-0.12862
0.63053	-0.11845
0.60251	-0.11718
0.57959	-0.056153
0.56558	-0.047254
0.5452	0.049371
0.5261	0.044286
0.51718	0.11167
0.50445	0.17651
0.49426	0.20194
0.48917	0.33289
0.4777	0.34179
0.47261	0.33289
0.47516	0.3634
0.50318	0.40281
0.56176	0.42951
0.62544	0.36213
0.7235	0.41171
0.80119	0.35323
0.8725	0.32145
0.90689	0.27822
0.94	0.21211
0.93364	0.15998
0.9209	0.13964
0.89161	0.045557
0.84958	-0.080309
0.79737	-0.094295
0.74515	-0.15659
0.69166	-0.12354
0.64454	-0.13498
0.60633	-0.25576
0.58086	-0.19473
0.5503	-0.19219
0.52355	-0.23542
0.52355	-0.24305
0.50445	-0.14896
0.49299	-0.12099
0.48662	-0.10574
0.47134	-0.037083
0.46752	-0.014198
0.4637	0.058271
0.45733	0.058271
0.4828	0.018858
0.53247	0.10404
0.6178	0.24135
0.71331	0.29983
0.79737	0.40154
0.87887	0.26805
0.94	0.37103
0.9833	0.36594
0.9884	0.34815
0.9884	0.3189
0.97821	0.32399
0.95019	0.36722
0.90434	0.38374
0.85977	0.34942
0.80628	0.21592
0.76807	0.17397
0.70822	0.23626
0.66874	0.096412
0.62798	0.12311
0.59742	-0.035811
0.55921	-0.10574
0.53629	-0.11972
0.51591	-0.15532
0.48407	-0.13879
0.46752	-0.14769
0.44205	-0.23669
0.43568	-0.22016
0.43058	-0.29136
0.45096	-0.23287
0.5019	-0.18838
0.57449	-0.16168
0.65091	-0.11209
0.74388	-0.0027553
0.82029	0.043014
0.86741	0.081156
0.9209	0.057
0.93618	0.14345
0.95019	0.24262
0.94892	0.30746
0.92981	0.32145
0.90689	0.37357
0.87123	0.33035
0.8292	0.35323
0.79227	0.30746
0.73878	0.32399
0.70567	0.32399
0.66492	0.41044
0.64836	0.39264
0.62416	0.36467
0.60379	0.30873
0.57832	0.23499
0.55666	0.23626
0.52228	0.27313
0.5019	0.22991
0.47261	0.146
0.45096	-0.014198
0.43313	-0.13244
0.45733	-0.14388
0.49936	-0.11464
0.56431	-0.072681
0.64836	-0.11591
0.70949	-0.23287
0.76807	-0.25703
0.81137	-0.18965
0.8343	-0.15405
0.84449	-0.20109
0.84958	-0.18456
0.84703	-0.11337
0.82411	-0.096837
0.80246	-0.037083
0.76807	0.037929
0.73241	0.08497
0.70312	0.1193
0.6751	0.092598
0.66364	0.18668
0.65218	0.27568
0.63817	0.26551
0.62289	0.37357
0.62416	0.42061
0.60506	0.37739
0.58723	0.33925
0.57195	0.33797
0.54266	0.37739
0.51846	0.35577
0.48662	0.37866
0.47643	0.29983
0.50318	0.28966
0.55284	0.19177
0.62798	0.21592
0.6993	0.18541
0.77189	0.087513
0.82284	0.087513
0.84958	-0.042168
0.86486	-0.14134
0.85595	-0.13625
0.83939	-0.081581
0.80501	-0.056153
0.77317	-0.072681
0.72605	-0.15405
0.6802	-0.15659
0.63308	-0.22652
0.59869	-0.17821
0.56685	-0.20109
0.55157	-0.15151
0.52992	-0.093023
0.51591	-0.14006
0.51591	-0.056153
0.5019	0.036657
0.50318	0.13583
0.49553	0.079884
0.48789	0.11675
0.4777	0.18159
0.47388	0.15998
0.46624	0.26678
0.4828	0.38756
0.53247	0.22482
0.60888	0.31763
0.68911	0.35577
0.79864	0.37103
0.87887	0.43968
0.95401	0.39137
1.0062	0.47783
1.0381	0.32018
1.0381	0.23118
1.033	0.21719
1.0037	0.21084
0.95656	0.19685
0.90434	0.15744
0.84576	0.032843
0.78208	-0.042168
0.72859	-0.054882
0.67001	-0.13371
0.62926	-0.13116
0.59997	-0.17566
0.56176	-0.077767
0.53247	-0.12862
0.50954	-0.18329
0.49426	-0.17058
0.47643	-0.15024
0.45733	-0.11591
0.44714	-0.087938
0.43695	-0.019283
0.43568	-0.059967
0.45478	-0.039625
0.50954	-0.13116
0.59487	-0.073953
0.6993	0.01123
0.79482	0.034115
0.86232	0.16125
0.93746	0.18032
0.97057	0.22736
0.99349	0.24389
1.0062	0.33416
0.99731	0.34179
0.97694	0.28839
0.94128	0.34306
0.89798	0.3545
0.8534	0.3545
0.81392	0.38374
0.77317	0.43714
0.72223	0.35323
0.68275	0.29602
0.65218	0.21719
0.60888	0.22355
0.57067	0.19431
0.53119	0.21592
0.49681	0.016315
0.45988	-0.02564
0.4204	-0.063782
0.40766	-0.087938
0.38346	-0.10192
0.37327	-0.09048
0.38092	-0.10065
0.4344	-0.21126
0.52355	-0.17566
0.6127	-0.11337
0.70312	-0.10828
0.7859	-0.067596
0.84831	-0.086666
0.89416	-0.15913
0.92599	-0.10319
0.94255	-0.087938
0.93618	0.0010588
0.92854	0.091327
0.89543	0.078613
0.86996	0.12311
0.83557	0.1104
0.80755	0.14981
0.76807	0.22991
0.73878	0.34942
0.71713	0.3189
0.69166	0.37993
0.67001	0.32145
0.65091	0.45113
0.62798	0.39392
0.6178	0.45367
0.57832	0.40027
0.54648	0.3812
0.51846	0.33416
0.4828	0.32399
0.44332	0.16125
0.43058	0.050643
0.43568	0.07607
0.4777	-0.068867
0.53884	-0.15151
0.6178	-0.22779
0.69293	-0.24813
0.76553	-0.18202
0.80119	-0.14261
0.8343	-0.16295
0.84958	-0.082852
0.8534	-0.14006
0.84194	-0.11718
0.82411	-0.058696
0.78972	-0.096837
0.76043	-0.12608
0.72859	-0.10828
0.68529	-0.10828
0.65345	-0.011655
0.62671	0.013773
0.60633	0.064628
0.58978	0.053185
0.57704	0.065899
0.56303	0.23626
0.54902	0.31255
0.54393	0.39264
0.52355	0.25406
0.51464	0.41426
0.51591	0.38247
0.50445	0.40409
0.49808	0.41426
0.507	0.40154
0.54775	0.37484
0.61015	0.32526
0.69676	0.22864
0.77062	0.1638
0.83302	0.10658
0.88015	0.077342
0.90562	0.053185
0.90434	0.02013
0.89288	-0.13371
0.87887	-0.14388
0.84831	-0.18075
0.80373	-0.14896
0.76807	-0.09048
0.72223	-0.10955
0.67383	-0.17058
0.64072	-0.17058
0.6178	-0.15024
0.59869	-0.18456
0.57322	-0.2138
0.55412	-0.14515
0.54648	-0.10828
0.54266	-0.067596
0.52101	-0.014198
0.51464	0.082427
0.507	0.21974
0.49681	0.23245
0.4828	0.19304
0.5019	0.24516
0.53247	0.32907
0.59614	0.3189
0.67383	0.43968
0.78718	0.46257
0.86359	0.488
0.94255	0.42443
0.98967	0.31255
1.019	0.21974
1.0151	0.32145
1.0075	0.3367
0.96929	0.39137
0.92599	0.27822
0.87123	0.20194
0.81265	0.146
0.75406	0.14472
0.67893	0.074799
0.62926	-0.09048
0.5885	-0.076495
0.55539	-0.039625
0.53756	-0.033268
0.51846	-0.15024
0.507	-0.14261
0.49426	-0.21635
0.49171	-0.13752
0.47261	-0.17058
0.44714	-0.057425
0.42931	-0.16676
0.42294	-0.23287
0.41912	-0.22652
0.44714	-0.098109
0.50572	-0.09938
0.5936	0.0061443
0.69166	0.054457
0.77444	0.10531
0.86232	0.073527
0.90307	0.17524
0.94255	0.21211
0.96038	0.34942
0.95783	0.29093
0.96165	0.30619
0.93109	0.35196
0.89925	0.33035
0.85977	0.32653
0.80628	0.30873
0.75534	0.30238
0.71076	0.34306
0.67638	0.30746
0.62671	0.3367
0.58468	0.30238
0.54902	0.38502
0.51209	0.3011
0.47898	0.26678
0.44587	0.18032
0.42422	0.10277
0.38983	-0.031997
0.37073	-0.031997
0.33761	0.060814
0.33252	0.0036016
0.35417	-0.10955
0.40511	-0.23542
0.48662	-0.27102
0.57704	-0.22143
0.68402	-0.10574
0.76553	-0.12735
0.8343	-0.24559
0.88397	-0.16041
0.90944	-0.13371
0.91326	0.043014
0.90434	-0.029454
0.89033	0.0036016
0.86741	-0.077767
0.82284	0.0086871
0.7859	0.079884
0.74642	0.14091
0.71076	0.15362
0.68911	0.22609
0.67383	0.31382
0.656	0.33925
0.64199	0.29983
0.61907	0.32399
0.61397	0.35577
0.59105	0.40536
0.58086	0.41044
0.55921	0.37357
0.54138	0.36976
0.51846	0.27441
0.50572	0.20448
0.52228	0.21974
0.58468	0.18668
0.64199	0.18668
0.71968	0.1638
0.78845	-0.0014839
0.84321	-0.06251
0.88779	-0.059967
0.90562	-0.049796
0.91326	-0.077767
0.91453	-0.075224
0.8967	-0.13116
0.86996	-0.18329
0.84321	-0.16041
0.80119	-0.18583
0.7668	-0.18965
0.72987	-0.20618
0.69293	-0.070138
0.6611	-0.10065
0.6369	0.012501
0.6127	0.053185
0.59997	0.070985
0.57959	0.14218
0.57195	0.29475
0.55539	0.25788
0.55666	0.27186
0.54138	0.27822
0.53884	0.34942
0.53501	0.42824
0.55794	0.55411
0.60124	0.4524
0.67001	0.43079
0.76171	0.48545
0.83048	0.41807
0.89416	0.3456
0.94637	0.20829
0.9642	0.25661
0.97184	0.27059
0.94892	0.20194
0.93364	0.22228
0.88397	0.088784
0.83048	-0.026912
0.77062	-0.13752
0.71331	-0.081581
0.65345	0.030301
0.61143	-0.13498
0.56685	-0.26212
0.53884	-0.27737
0.50445	-0.2316
0.48535	-0.19982
0.45988	-0.17312
0.45223	-0.196
0.42931	-0.096837
0.41021	-0.057425
0.39874	0.10404
0.37073	0.088784
0.35162	0.18287
0.3529	0.19558
0.37455	0.17778
0.42931	0.34815
0.53247	0.37484
0.64454	0.35832
0.76298	0.32018
0.85722	0.37103
0.92981	0.32653
0.96547	0.28839
0.98967	0.36976
0.9884	0.3634
0.96802	0.38883
0.94	0.3723
0.88906	0.29348
0.83939	0.27695
0.77444	0.18541
0.7235	0.26169
0.68147	0.20829
0.63817	0.15871
0.58468	0.0023302
0.54775	-0.12608
0.50572	-0.0052981
0.47516	-0.0014839
0.45223	-0.077767
0.41785	-0.17821
0.3962	-0.21508
0.36945	-0.18583
0.36691	-0.15151
0.3529	-0.12735
0.35162	-0.2494
0.34526	-0.15278
0.37964	-0.086666
0.44205	0.0099585
0.53501	-0.0052981
0.64454	0.037929
0.75406	0.11421
0.84958	0.1193
0.9209	0.16634
0.95656	0.19177
0.99604	0.29348
1.0177	0.29093
1.0177	0.31763
0.99349	0.32272
0.97566	0.40917
0.92854	0.38502
0.88269	0.38374
0.84321	0.34306
0.78718	0.42697
0.75024	0.41934
0.71076	0.31255
0.68784	0.30873
0.64454	0.33035
0.61525	0.27568
0.58468	0.20321
0.55284	0.22101
0.51591	0.16507
0.48407	0.20321
0.44205	0.11294
0.41148	0.0036016
0.37582	0.017587
0.35799	-0.096837
0.37709	-0.15024
0.42804	-0.19092
0.51082	-0.14515
0.61143	-0.087938
0.70058	-0.17566
0.78336	-0.16041
0.84958	-0.31679
0.89416	-0.2227
0.91453	-0.17566
0.9209	-0.11337
0.91453	-0.051068
0.89033	0.023944
0.85468	0.081156
0.81647	0.067171
0.77317	0.12693
0.74515	0.21592
0.71841	0.27822
0.70312	0.33797
0.67638	0.35196
0.67256	0.38502
0.64963	0.43206
0.63945	0.47147
0.6318	0.48927
0.59487	0.43587
0.56431	0.38247
0.53501	0.37866
0.50572	0.32526
0.47516	0.29602
0.43822	0.21846
0.41657	0.17015
0.42549	0.045557
0.4777	0.025215
0.5503	-0.0065694
0.6369	-0.011655
0.71076	-0.093023
0.77954	-0.10828
0.81392	-0.14515
0.84703	-0.20872
0.8534	-0.14515
0.84958	-0.13371
0.84576	-0.13752
0.81137	-0.20236
0.77189	-0.20236
0.73751	-0.17693
0.69548	-0.16041
0.65855	-0.070138
0.62926	-0.024369
0.61143	-0.018012
0.58468	0.018858
0.57832	0.18541
0.56431	0.15871
0.55157	0.22864
0.55157	0.22609
0.54775	0.34052
0.54266	0.36213
0.54393	0.46893
0.53247	0.45876
0.5261	0.4613
0.54393	0.44986
0.59487	0.43714
0.66874	0.41044
0.75152	0.3901
0.8292	0.27949
0.89798	0.21338
0.9451	0.24771
0.95783	0.17397
0.95656	0.14091
0.94255	0.0010588
0.90052	-0.051068
0.86868	-0.15278
0.81902	-0.13498
0.76553	-0.14896
0.70949	-0.056153
0.66492	0.0099585
0.62544	-0.12608
0.59742	-0.15151
0.57832	-0.11591
0.55666	-0.11972
0.54011	-0.13625
0.52355	-0.19728
0.51591	-0.096837
0.51336	-0.023097
0.48789	-0.018012
0.48662	0.050643
0.47388	0.092598
0.47134	0.19049
0.50445	0.22864
0.56303	0.24262
0.64327	0.21211
0.76425	0.25025
0.86868	0.3189
0.96802	0.37739
1.0381	0.33543
1.0775	0.41807
1.0966	0.43714
1.0966	0.38374
1.0775	0.37357
1.0381	0.35323
0.98458	0.33543
0.91963	0.31382
0.8534	0.25406
0.78463	0.26932
0.7235	0.19304
0.656	0.13837
0.59105	0.044286
0.54902	0.021401
0.50572	-0.072681
0.47006	-0.11845
0.45096	-0.23415
0.4344	-0.14006
0.41148	-0.20618
0.39492	-0.13116
0.38856	-0.17566
0.372	-0.13879
0.37327	-0.18075
0.38728	-0.13879
0.44205	-0.10955
0.53374	-0.039625
0.63945	-0.033268
0.74515	0.041743
0.84321	0.10531
0.90944	0.13201
0.97821	0.25788
1.019	0.32526
1.0304	0.29348
1.0393	0.29348
1.0202	0.24644
0.98585	0.29602
0.93746	0.31
0.87887	0.25915
0.83302	0.29983
0.78081	0.30238
0.74133	0.26169
0.71204	0.44731
0.68147	0.50707
0.65345	0.488
0.62798	0.37612
0.60761	0.30492
0.56431	0.24135
0.52483	0.19049
0.48789	0.098955
0.44714	0.083698
0.40384	0.012501
0.35672	-0.068867
0.34653	-0.17566
0.38219	-0.15405
0.44841	-0.09938
0.54775	-0.095566
0.67128	0.0010588
