0.38474	-0.06251
0.38601	-0.065053
0.37582	-0.052339
0.38092	-0.061239
0.41785	-0.048525
0.49426	-0.058696
0.59869	-0.067596
0.72095	-0.05361
0.83175	-0.043439
0.92727	-0.033268
1.0024	-0.058696
1.0521	-0.052339
1.0775	-0.042168
1.0826	-0.051068
1.0674	-0.059967
1.0546	-0.058696
1.0355	-0.049796
1.0062	-0.058696
0.97694	-0.056153
0.93236	-0.072681
0.88906	-0.070138
0.8585	-0.054882
0.81774	-0.048525
0.77954	-0.051068
0.74642	-0.076495
0.73878	-0.073953
0.71458	-0.085395
0.70312	-0.072681
0.6802	-0.09938
0.66364	-0.10828
0.63053	-0.10065
0.60888	-0.10447
0.58596	-0.10065
0.54902	-0.11337
0.53119	-0.093023
0.50445	-0.082852
0.47898	-0.067596
0.45733	-0.035811
0.44205	-0.011655
0.42167	0.037929
0.41912	0.055728
0.41021	0.10658
0.3962	0.1371
0.40129	0.12311
0.40002	0.1104
0.3962	0.10277
0.39874	0.0074157
0.40002	-0.095566
0.38983	-0.17693
0.3962	-0.16803
0.43058	-0.19346
0.5019	-0.18329
0.61143	-0.21762
0.7235	-0.22398
0.84067	-0.2049
0.93109	-0.2316
1.0062	-0.23542
1.0521	-0.19092
1.0712	-0.16931
1.0801	-0.10447
1.0674	-0.043439
1.0406	0.017587
1.0202	0.1282
0.9833	0.17142
0.96038	0.21592
0.92345	0.18922
0.89543	0.14854
0.85085	0.12311
0.81392	0.021401
0.79227	-0.079038
0.76807	-0.11337
0.75406	-0.16422
0.72987	-0.23669
0.70567	-0.29263
0.68784	-0.27737
0.65982	-0.2494
0.64581	-0.27102
0.61525	-0.2761
0.59742	-0.26466
0.55794	-0.19982
0.53247	-0.10065
0.50318	-0.040897
0.4777	0.021401
0.45605	0.037929
0.42931	0.083698
0.41021	0.11421
0.40639	0.13837
0.40002	0.146
0.39492	0.14727
0.3911	0.15108
0.3911	0.088784
0.38346	0.027758
0.38474	-0.0027553
0.40129	-0.098109
0.46624	-0.20618
0.5694	-0.23796
0.67893	-0.26085
0.78718	-0.27992
0.88269	-0.26339
0.95529	-0.31297
0.99094	-0.3028
1.0139	-0.23669
1.0075	-0.15151
0.99222	-0.09938
0.96929	-0.047254
0.94637	-0.010384
0.90816	0.031572
0.87378	0.17524
0.82666	0.25661
0.79609	0.27186
0.76298	0.19431
0.74006	0.14472
0.7235	0.037929
0.71076	-0.035811
0.70058	-0.12099
0.69166	-0.21253
0.6802	-0.27102
0.6611	-0.25576
0.64963	-0.33459
0.62926	-0.29517
0.59742	-0.25576
0.56685	-0.25195
0.53756	-0.18075
0.50572	-0.11845
0.47898	-0.065053
0.45223	-0.023097
0.43186	-0.0078408
0.4153	0.0074157
0.40639	0.12311
0.39874	0.25152
0.39365	0.19558
0.39492	0.13455
0.39747	0.12311
0.43695	0.040472
0.52101	-0.031997
0.62416	-0.11718
0.74133	-0.19473
0.84449	-0.2316
0.94382	-0.27102
0.99731	-0.27483
1.0406	-0.26847
1.0546	-0.27864
1.0457	-0.25576
1.0317	-0.22398
1.0024	-0.21253
0.98458	-0.15151
0.95146	-0.10447
0.90944	-0.052339
0.88142	-0.010384
0.83939	0.081156
0.81137	0.146
0.77954	0.20957
0.76171	0.23245
0.74133	0.19431
0.73878	0.17015
0.72477	0.10404
0.70822	0.023944
0.69166	-0.049796
0.66492	-0.13244
0.64836	-0.18965
0.61525	-0.25195
0.58723	-0.29009
0.55921	-0.33713
0.52737	-0.34094
0.49936	-0.33077
0.47516	-0.30789
0.45223	-0.2583
0.44077	-0.15405
0.42167	-0.018012
0.41148	0.044286
0.40257	0.025215
0.41785	0.049371
0.46242	0.13455
0.55666	0.22355
0.656	0.24262
0.76807	0.1638
0.87505	0.091327
0.95529	0.026486
1.0088	0.016315
1.0381	-0.014198
1.0457	-0.087938
1.0368	-0.16931
1.019	-0.25067
0.99094	-0.21126
0.96547	-0.2316
0.93364	-0.2672
0.89925	-0.30661
0.84576	-0.2761
0.8101	-0.22016
0.77189	-0.15532
0.7426	-0.11082
0.70822	-0.087938
0.69039	-0.031997
0.67001	0.086241
0.65218	0.16634
0.63945	0.18287
0.62162	0.16125
0.59487	0.11803
0.57577	0.12057
0.55157	0.057
0.52737	-0.049796
0.50063	-0.17058
0.48535	-0.26339
0.45733	-0.22398
0.44205	-0.17566
0.41785	-0.20618
0.40129	-0.2316
0.3911	-0.22779
0.37073	-0.20745
0.372	-0.12989
0.40129	-0.049796
0.48153	0.01123
0.58723	0.045557
0.7044	0.12311
0.80373	0.11294
0.89416	0.16125
0.95529	0.16888
0.99349	0.11548
1.0177	0.079884
1.019	-0.023097
1.0151	-0.13498
0.99731	-0.20618
0.97948	-0.19092
0.95146	-0.20363
0.91963	-0.21635
0.87887	-0.23542
0.84321	-0.20363
0.79864	-0.19346
0.75916	-0.16931
0.73241	-0.15913
0.71076	-0.15151
0.68657	-0.12099
0.67383	-0.084124
0.65473	-0.05361
0.63308	-0.059967
0.61397	0.034115
0.59614	0.091327
0.57067	0.14345
0.54775	0.12565
0.53374	0.15362
0.5019	0.1282
0.48789	0.077342
0.47134	0.031572
0.46879	-0.039625
0.45096	-0.10828
0.4395	-0.15913
0.41657	-0.17439
0.41785	-0.16549
0.4395	-0.14896
0.49808	-0.21635
0.57704	-0.23796
0.67383	-0.2138
0.76171	-0.23033
0.8534	-0.21508
0.91198	-0.15278
0.95911	-0.087938
0.97694	-0.015469
0.98076	-0.018012
0.97948	0.0086871
0.96802	0.027758
0.95019	0.10277
0.93236	0.10658
0.91326	0.1193
0.87123	0.12057
0.8292	0.07607
0.80246	0.067171
0.76298	0.045557
0.73369	0.0074157
0.71076	-0.021826
0.68784	-0.042168
0.66619	-0.09048
0.65091	-0.09938
0.62671	-0.13116
0.60379	-0.17439
0.57959	-0.16676
0.55157	-0.20872
0.51973	-0.21762
0.50445	-0.20618
0.47516	-0.19982
0.45605	-0.21635
0.44332	-0.13244
0.43058	-0.093023
0.40893	-0.073953
0.40511	-0.042168
0.3962	-0.011655
0.39492	0.10277
0.4204	0.1193
0.47898	0.19558
0.56813	0.16507
0.66746	0.10531
0.76298	0.09387
0.83939	0.098955
0.91581	0.046828
0.95146	-0.049796
0.96802	-0.12862
0.97948	-0.19219
0.97312	-0.14769
0.95656	-0.15659
0.9451	-0.196
0.92217	-0.23415
0.89033	-0.2227
0.8585	-0.22016
0.82029	-0.19728
0.77954	-0.20236
0.74515	-0.15024
0.71841	-0.093023
0.68911	-0.058696
0.66619	0.029029
0.6611	0.064628
0.64454	0.079884
0.62798	0.15108
0.60633	0.22101
0.58596	0.17142
0.56558	0.17524
0.54775	0.10531
0.52992	0.029029
0.50445	-0.024369
0.4828	-0.073953
0.46752	-0.11082
0.44714	-0.17693
0.43186	-0.22143
0.42294	-0.21762
0.40893	-0.22525
0.39365	-0.23542
0.39492	-0.2049
0.40129	-0.20109
0.45223	-0.2049
0.52992	-0.2138
0.62926	-0.18202
0.72095	-0.079038
0.8152	-0.06251
0.88015	-0.070138
0.92472	-0.11718
0.95019	-0.043439
0.96293	0.032843
0.96293	0.14854
0.9642	0.12438
0.95019	0.11167
0.93873	0.10023
0.91198	0.12693
0.88015	0.14345
0.83939	0.10658
0.79864	0.0392
0.76425	-0.0052981
0.72223	-0.037083
0.70058	-0.082852
0.67893	-0.12735
0.6611	-0.17312
0.6318	-0.196
0.6127	-0.20363
0.59105	-0.21253
0.56431	-0.2405
0.54775	-0.25195
0.51846	-0.26212
0.50827	-0.21889
0.47516	-0.16676
0.45478	-0.10955
0.44205	-0.075224
0.42549	-0.029454
0.40511	0.0074157
0.40257	0.0481
0.3911	0.10913
0.3962	0.12565
0.39365	0.15362
0.39238	0.15871
0.3911	0.11167
0.42422	0.10277
0.48025	0.07607
0.5694	0.0074157
0.65855	-0.030726
0.76171	-0.054882
0.84067	-0.066324
0.89798	-0.15405
0.93746	-0.14261
0.95911	-0.14896
0.9642	-0.16041
0.95656	-0.16422
0.94637	-0.20109
0.92854	-0.22525
0.91071	-0.22906
0.88397	-0.17948
0.8534	-0.18456
0.81902	-0.17439
0.77062	-0.14769
0.74388	-0.12735
0.72095	-0.065053
0.70185	-0.029454
0.68784	0.0023302
0.67638	0.0392
0.65982	0.054457
0.65473	0.10913
0.63053	0.081156
0.61652	0.11421
0.59487	0.146
0.58214	0.12565
0.55921	0.09387
0.53374	0.022672
0.50954	-0.021826
0.49299	-0.039625
0.47261	-0.057425
0.46242	-0.068867
0.4395	-0.09938
0.4344	-0.18456
0.42294	-0.22779
0.40766	-0.21253
0.40639	-0.18711
0.40129	-0.18965
0.42294	-0.17312
0.48917	-0.15786
0.57704	-0.17821
0.67893	-0.16295
0.77317	-0.16931
0.85213	-0.13371
0.90562	-0.11972
0.94382	-0.048525
0.95783	-0.00021255
0.96293	0.023944
0.96675	0.015044
0.96165	0.059542
0.94764	0.14472
0.93364	0.16507
0.90434	0.16888
0.86868	0.14345
0.83685	0.091327
0.79864	0.053185
0.77062	-0.026912
0.7426	-0.098109
0.71968	-0.10065
0.70058	-0.13498
0.6802	-0.19855
0.65982	-0.23669
0.63562	-0.2761
0.61143	-0.27737
0.59232	-0.21253
0.56685	-0.14515
0.54011	-0.12099
0.51846	-0.10319
0.48789	-0.079038
0.46624	0.0036016
0.44714	0.059542
0.43058	0.095141
0.41403	0.098955
0.40639	0.090055
0.40129	0.12693
0.40129	0.13328
0.39365	0.1282
0.38856	0.081156
0.39365	0.045557
0.39365	-0.019283
0.41785	-0.063782
0.49808	-0.031997
0.58978	-0.098109
0.69166	-0.16422
0.79354	-0.2049
0.8725	-0.19982
0.92854	-0.19982
0.96165	-0.21635
0.97566	-0.22143
0.98203	-0.23415
0.97821	-0.20618
0.96802	-0.17693
0.95019	-0.16295
0.93491	-0.16041
0.90052	-0.093023
0.86996	-0.059967
0.84067	-0.028183
0.79737	0.030301
0.76298	0.16252
0.73751	0.16634
0.71076	0.1193
0.68784	0.1371
0.6802	0.13201
0.6611	0.11294
0.64963	0.14981
0.63308	0.095141
0.60888	0.057
0.58468	-0.072681
0.55921	-0.15405
0.54648	-0.17185
0.51718	-0.27737
0.49808	-0.32441
0.47006	-0.26085
0.44714	-0.18456
0.43822	-0.17693
0.42294	-0.20109
0.41021	-0.196
0.40893	-0.17948
0.40129	-0.11845
0.39238	-0.07141
0.38856	0.0010588
0.38219	0.078613
0.39747	0.1282
0.43568	0.19177
0.53374	0.20702
0.63562	0.18668
0.74642	0.15108
0.83175	0.13455
0.91071	0.07607
0.96547	0.031572
0.99222	-0.077767
0.99604	-0.18965
0.99604	-0.24686
0.98203	-0.22143
0.96802	-0.17821
0.94892	-0.22525
0.92599	-0.28119
0.89288	-0.24559
0.85722	-0.18583
0.82411	-0.17312
0.78718	-0.16041
0.75152	-0.14896
0.73878	-0.12354
0.7235	-0.044711
0.71076	0.031572
0.69548	0.055728
0.67638	0.044286
0.66492	0.060814
0.65345	0.088784
0.63308	0.13837
0.6178	0.12565
0.59105	0.095141
0.5694	0.079884
0.54393	0.029029
0.52865	-0.026912
0.51973	-0.10447
0.50572	-0.21889
0.49426	-0.18838
0.47388	-0.12481
0.4637	-0.17185
0.45223	-0.28119
0.44459	-0.26085
0.45096	-0.2049
0.4828	-0.17058
0.55157	-0.18075
0.6369	-0.16041
0.72605	-0.16041
0.80119	-0.077767
0.86868	-0.018012
0.90944	0.090055
0.94128	0.082427
0.94637	0.098955
0.95401	0.10531
0.94	0.12184
0.94128	0.12693
0.92472	0.12184
0.90816	0.095141
0.88015	0.098955
0.83939	0.022672
0.80883	-0.043439
0.77826	-0.12735
0.74642	-0.22906
0.71586	-0.2049
0.70058	-0.18965
0.68657	-0.23542
0.66746	-0.25067
0.656	-0.23287
0.63053	-0.2138
0.61143	-0.19473
0.58978	-0.17948
0.56558	-0.15532
0.54393	-0.087938
0.51846	-0.047254
0.50063	-0.0052981
0.48407	-0.011655
0.46115	0.065899
0.45478	0.073527
0.44459	0.098955
0.44077	0.14091
0.43695	0.12057
0.44077	0.10404
0.43186	0.074799
0.42931	0.030301
0.44205	-0.01674
0.47643	-0.063782
0.53884	-0.093023
0.62544	-0.12481
0.71713	-0.14134
0.79737	-0.16803
0.86868	-0.18838
0.91326	-0.19728
0.94637	-0.16549
0.95783	-0.15913
0.95529	-0.18456
0.94637	-0.18202
0.93746	-0.17185
0.92472	-0.16168
0.90307	-0.14388
0.87633	-0.098109
0.84831	-0.042168
0.81265	0.025215
0.78081	0.062085
0.75024	0.069713
0.74006	0.058271
0.71968	0.09387
0.70949	0.21211
0.69166	0.26169
0.6802	0.18414
0.6611	0.087513
0.64709	-0.05361
0.62416	-0.11337
0.59997	-0.14642
0.56685	-0.17312
0.54902	-0.23542
0.52483	-0.24559
0.49808	-0.21889
0.4777	-0.24305
0.45733	-0.22525
0.44205	-0.21762
0.43058	-0.17821
0.42294	-0.16422
0.4153	-0.18456
0.40002	-0.14388
0.40511	-0.10192
0.41021	-0.061239
0.45733	0.0392
0.53119	0.025215
0.62289	0.031572
0.71713	0.023944
0.81265	0.083698
0.88015	0.17142
0.93236	0.17778
0.96802	0.14472
0.98585	0.1193
0.98203	0.070985
0.97184	0.034115
0.96038	0.004873
0.94382	-0.011655
0.9209	-0.057425
0.88779	-0.12989
0.85468	-0.20109
0.81774	-0.22652
0.78845	-0.25067
0.75661	-0.22779
0.73114	-0.25322
0.71841	-0.26085
0.7044	-0.2316
0.68147	-0.20745
0.66237	-0.21762
0.64709	-0.17439
0.62416	-0.11972
0.61015	-0.035811
0.58341	0.012501
0.55921	0.032843
0.53756	0.004873
0.52483	0.045557
0.50827	0.11675
0.49808	0.19558
0.49044	0.21211
0.48025	0.15744
0.4777	0.10531
0.46497	0.043014
0.46752	-0.0091122
0.45733	0.0023302
0.45988	-0.047254
0.48153	-0.087938
0.53119	-0.17439
0.60888	-0.19092
0.70312	-0.16168
0.78336	-0.18202
0.85468	-0.24559
0.91326	-0.25195
0.94	-0.23669
0.95401	-0.22143
0.95783	-0.18583
0.95401	-0.16168
0.94637	-0.14769
0.92472	-0.11972
0.91071	-0.072681
0.88651	-0.040897
0.85213	0.072256
0.82284	0.069713
0.79864	0.092598
0.76935	0.14218
0.74642	0.13455
0.72477	0.11294
0.72095	0.12693
0.70312	0.10023
0.69039	0.044286
0.67001	0.022672
0.65218	-0.01674
0.62162	-0.065053
0.60888	-0.11845
0.58086	-0.16168
0.55284	-0.19092
0.5261	-0.19473
0.5019	-0.19855
0.47898	-0.196
0.46242	-0.18583
0.44587	-0.16931
0.43186	-0.14769
0.42167	-0.17439
0.41275	-0.17948
0.39747	-0.16803
0.40129	-0.14515
0.41021	-0.12226
0.46115	-0.076495
0.52992	-0.075224
0.62671	-0.081581
0.7235	-0.051068
0.81647	-0.01674
0.88779	0.013773
0.9451	0.14345
0.97312	0.20194
0.98203	0.18922
0.98585	0.20194
0.97566	0.13583
0.96675	0.098955
0.95146	0.044286
0.92599	0.021401
0.89798	-0.021826
0.86614	-0.073953
0.82284	-0.16931
0.78718	-0.25957
0.75789	-0.2672
0.73114	-0.24177
0.6993	-0.25703
0.68529	-0.25449
0.66492	-0.26466
0.64199	-0.22143
0.62289	-0.22398
0.60379	-0.20236
0.57449	-0.17821
0.55284	-0.084124
0.52737	0.044286
0.50572	0.050643
0.48535	0.069713
0.46752	0.11421
0.45478	0.14854
0.44077	0.15998
0.44332	0.16507
0.43568	0.17142
0.43568	0.12693
0.42549	0.049371
0.4204	0.01123
0.41403	-0.015469
0.44077	-0.026912
0.48153	-0.067596
0.55412	-0.10447
0.64072	-0.17312
0.73369	-0.22525
0.81392	-0.28754
0.87633	-0.2939
0.92472	-0.3028
0.95529	-0.26974
0.95529	-0.22398
0.96038	-0.18456
0.9451	-0.14896
0.93618	-0.15659
0.91581	-0.087938
0.89543	0.021401
0.86614	0.090055
0.83939	0.064628
0.81265	0.095141
0.77699	0.12947
0.76043	0.15998
0.74642	0.146
0.73751	0.12184
0.71586	0.081156
0.71076	0.037929
0.69166	0.021401
0.67001	-0.012926
0.65091	-0.045982
0.62544	-0.15024
0.59869	-0.19346
0.57195	-0.19092
0.54648	-0.16676
0.51973	-0.18838
0.49681	-0.23542
0.47261	-0.196
0.45733	-0.196
0.44332	-0.19473
0.43313	-0.17185
0.42167	-0.14261
0.40639	-0.12989
0.40766	-0.081581
0.43313	-0.063782
0.49044	-0.094295
0.57704	-0.021826
0.66874	0.0099585
0.7668	0.041743
0.85213	0.074799
0.91708	0.15998
0.96293	0.18668
0.98967	0.19812
0.99859	0.13583
0.99731	0.1282
0.99349	0.092598
0.97821	0.021401
0.95911	-0.10319
0.92727	-0.17185
0.90052	-0.18583
0.86232	-0.17821
0.82029	-0.2049
0.78845	-0.23542
0.75534	-0.24813
0.73369	-0.24432
0.70822	-0.2316
0.69293	-0.18202
0.67256	-0.098109
0.64836	-0.11082
0.63053	-0.12481
0.61525	-0.067596
0.58468	0.0010588
0.55921	0.064628
0.53501	0.074799
0.52101	0.12438
0.49299	0.17651
0.48153	0.18414
0.46752	0.17778
0.45478	0.13964
0.44587	0.057
0.43695	0.037929
0.43568	0.0074157
0.42804	-0.031997
0.42676	-0.11464
0.44841	-0.14769
0.50063	-0.17185
0.57832	-0.21253
0.67638	-0.21508
0.76425	-0.25449
0.84576	-0.27737
0.90689	-0.2761
0.94255	-0.24432
0.9642	-0.21762
0.98203	-0.17439
0.97566	-0.11209
0.97057	-0.056153
0.95019	-0.020555
0.93873	-0.011655
0.91581	0.043014
0.88397	0.063356
0.86232	0.14218
0.82666	0.17651
0.79609	0.16507
0.7668	0.16761
0.74133	0.146
0.72223	0.092598
0.7044	0.031572
0.68529	-0.012926
0.6611	-0.011655
0.64072	-0.089209
0.61525	-0.13371
0.58723	-0.16549
0.56303	-0.17948
0.53119	-0.21508
0.507	-0.21126
0.48025	-0.24177
0.45988	-0.2316
0.44332	-0.24177
0.43186	-0.2138
0.4153	-0.18075
0.40384	-0.16803
0.39492	-0.15024
0.38346	-0.10447
0.38601	-0.054882
0.41785	0.013773
0.48153	0.02013
0.57704	0.045557
0.66746	0.079884
0.76935	0.12565
0.8585	0.13201
0.9209	0.15362
0.97057	0.13583
0.99094	0.12565
1.0011	0.062085
0.99986	-0.00021255
0.99731	-0.039625
0.98203	-0.042168
0.96165	-0.09048
0.93236	-0.19473
0.8967	-0.21508
0.86104	-0.19092
0.82284	-0.20618
0.78081	-0.25576
0.75534	-0.24559
0.73241	-0.24432
0.71076	-0.20618
0.68275	-0.19728
0.67128	-0.21126
0.64709	-0.17185
0.63053	-0.11464
0.60124	-0.047254
0.58214	0.0099585
0.56049	0.043014
0.53629	0.13328
0.5261	0.17142
0.51082	0.17142
0.50063	0.14472
0.48153	0.14218
0.47643	0.11294
0.47261	0.090055
0.4586	0.017587
0.45096	-0.019283
0.44714	-0.10065
0.46624	-0.17058
0.51336	-0.18075
0.59105	-0.2138
0.67383	-0.28119
0.76171	-0.25703
0.8292	-0.25067
0.90052	-0.22779
0.94128	-0.18838
0.96165	-0.20618
0.97057	-0.16931
0.97057	-0.10447
0.97057	-0.035811
0.95656	0.054457
0.94764	0.025215
0.9209	0.10404
0.89288	0.19939
0.85595	0.21465
0.81774	0.15362
0.78845	0.12565
0.76043	0.098955
0.74006	0.08497
0.71331	0.062085
0.69166	0.040472
0.67638	-0.067596
0.65345	-0.18075
0.6318	-0.32441
0.60761	-0.28119
0.58214	-0.21762
0.5452	-0.19855
0.51591	-0.22652
0.48407	-0.24813
0.45733	-0.21508
0.44077	-0.17948
0.4153	-0.18456
0.39874	-0.16295
0.37964	-0.12354
0.36945	-0.076495
0.35417	-0.063782
0.34398	-0.01674
0.34526	0.060814
0.36054	0.14345
0.40766	0.23118
0.49936	0.26805
0.60124	0.20702
0.71204	0.17397
0.80628	0.12184
0.89416	0.041743
0.94637	-0.035811
0.98712	-0.09048
1.0062	-0.17566
1.0177	-0.27992
1.0164	-0.33204
1.0075	-0.31424
0.99094	-0.29517
0.96165	-0.28246
0.93236	-0.23669
0.89288	-0.21126
0.85213	-0.15278
0.81647	-0.17566
0.77444	-0.077767
0.73496	-0.0091122
0.71204	0.051914
0.68657	0.087513
0.66746	0.15998
0.64709	0.18287
0.62416	0.18795
0.60633	0.18287
0.58596	0.17778
0.56558	0.14218
0.54393	0.069713
0.51846	-0.0027553
0.49936	-0.082852
0.47261	-0.16931
0.46115	-0.2939
0.43695	-0.36383
0.42676	-0.3206
0.41657	-0.29263
0.40129	-0.3028
0.3911	-0.23415
0.38346	-0.18838
0.36945	-0.10828
0.38728	-0.098109
0.4204	-0.070138
0.49299	0.055728
0.58468	0.13328
0.69293	0.19049
0.7859	0.22482
0.87633	0.18922
0.93364	0.19558
0.97439	0.18668
1.0024	0.13328
1.0151	0.041743
1.019	-0.05361
1.0113	-0.17058
1.005	-0.2583
0.98076	-0.27229
0.95146	-0.26466
0.91581	-0.27102
0.87505	-0.26466
0.83685	-0.28373
0.79864	-0.24559
0.76425	-0.19219
0.73496	-0.15405
0.71841	-0.10955
0.69293	-0.079038
0.67638	-0.0040267
0.65091	0.058271
0.62416	0.18795
0.59869	0.23499
0.57832	0.21592
0.55921	0.16888
0.53119	0.12565
0.50318	0.087513
0.4828	0.034115
0.46624	0.01123
0.45223	-0.02564
0.43568	-0.10319
0.42804	-0.15532
0.41275	-0.28119
0.40766	-0.29263
0.38983	-0.25322
0.38983	-0.23415
0.40766	-0.2494
0.47006	-0.2583
0.5503	-0.23033
0.64836	-0.19728
0.73624	-0.15532
0.81902	-0.15405
0.88397	-0.073953
0.92727	0.023944
0.94892	0.054457
0.95656	0.15998
0.96547	0.25661
0.96165	0.20702
0.96165	0.19685
0.93746	0.16761
0.91071	0.11167
0.8725	0.049371
0.84449	-0.026912
0.80883	-0.087938
0.76935	-0.14006
0.74515	-0.15532
0.71204	-0.19346
0.69166	-0.21889
0.66874	-0.33204
0.65218	-0.33204
0.6178	-0.34603
0.60251	-0.28373
0.57449	-0.23542
0.54902	-0.082852
0.51209	0.0023302
0.48789	0.0036016
0.45988	-0.03454
0.43313	0.022672
0.41275	0.062085
0.39747	0.11421
0.37709	0.20194
0.36309	0.18922
0.36818	0.14218
0.35799	0.095141
0.3478	0.072256
0.33761	0.10404
0.32997	0.0036016
0.35162	-0.087938
0.40639	-0.22779
0.48789	-0.23542
0.58723	-0.21253
0.68402	-0.19728
0.78208	-0.2138
0.84703	-0.23669
0.89288	-0.2227
0.91963	-0.16676
0.91963	-0.17185
0.92345	-0.16422
0.90816	-0.13498
0.89416	-0.093023
0.87505	-0.059967
0.84831	0.051914
0.82793	0.046828
0.78718	0.10023
0.75916	0.16634
0.74006	0.17905
0.7235	0.18795
0.71586	0.14727
0.71586	0.10404
0.70567	0.054457
0.69293	-0.059967
0.68402	-0.14388
0.6611	-0.19728
0.63053	-0.19092
0.59869	-0.17185
0.54775	-0.16803
0.51082	-0.18456
0.46497	-0.18202
0.43058	-0.15913
0.39747	-0.14006
0.37709	-0.10955
0.35417	-0.082852
0.34398	-0.039625
0.34144	0.0023302
0.33252	0.023944
0.33761	0.046828
0.34653	0.050643
0.38856	0.081156
0.4637	0.051914
0.57449	0.036657
0.69039	0.031572
0.80628	0.013773
0.90562	-0.00021255
0.97439	-0.029454
1.0381	-0.063782
1.0661	-0.13116
1.0725	-0.17566
1.0763	-0.20236
1.061	-0.18965
1.0495	-0.15024
1.0266	-0.10574
0.98967	-0.093023
0.9451	0.004873
0.90052	0.069713
0.86614	0.12184
0.82029	0.15998
0.78336	0.16634
0.75789	0.13328
0.72605	0.079884
0.71713	0.012501
0.6993	-0.096837
0.69166	-0.2138
0.67001	-0.29644
0.64709	-0.27864
0.6318	-0.23415
0.59997	-0.2494
0.56813	-0.2405
0.54266	-0.18202
0.50954	-0.10065
0.48153	-0.070138
0.46242	-0.019283
0.44332	0.041743
0.42549	0.092598
0.41912	0.13964
0.40002	0.11675
0.40129	0.12438
0.41785	0.098955
0.47261	0.073527
0.56685	0.032843
0.67893	-0.015469
0.79864	-0.045982
0.91453	-0.07141
1.0113	-0.12099
1.0839	-0.15659
1.1247	-0.15913
1.1476	-0.19219
1.1603	-0.18711
1.1489	-0.18456
1.145	-0.15532
1.1145	-0.12354
1.0839	-0.073953
1.0393	-0.033268
0.99094	-0.023097
0.94128	0.016315
0.89543	0.11803
0.84831	0.14727
0.80755	0.15617
0.76807	0.15108
0.74006	0.11548
0.71331	-0.010384
0.68529	-0.12862
0.65473	-0.14896
0.62416	-0.11972
0.59997	-0.17439
0.55794	-0.24177
0.52355	-0.24305
0.49044	-0.22143
0.45096	-0.16422
0.41021	-0.18202
0.38983	-0.11337
0.36054	-0.091752
0.34398	-0.021826
0.33252	-0.033268
0.32106	0.0086871
0.32233	0.083698
0.31469	0.1371
0.34144	0.19177
0.39747	0.16634
0.48535	0.13964
0.58723	0.053185
0.69293	0.02013
0.78845	-0.011655
0.86486	-0.023097
0.92981	-0.039625
0.95019	-0.081581
0.9642	-0.18075
0.96675	-0.3206
0.95146	-0.34857
0.94382	-0.27102
0.92599	-0.21635
0.91198	-0.21762
0.88015	-0.20618
0.83557	-0.18583
0.81137	-0.14006
0.76298	-0.010384
0.72859	0.060814
0.69421	0.1727
0.67256	0.22101
0.65091	0.1638
0.64581	0.16125
0.62544	0.12947
0.6127	0.09387
0.59614	0.08497
0.57832	0.081156
0.55412	0.041743
0.52101	-0.037083
0.49171	-0.11209
0.46242	-0.20618
0.4344	-0.31933
0.40766	-0.31043
0.37964	-0.23033
0.35544	-0.23669
0.34144	-0.23287
0.32743	-0.22525
0.32361	-0.18456
0.33379	-0.11845
0.38856	-0.076495
0.47134	-0.031997
0.58341	0.023944
0.70058	0.021401
0.81392	0.077342
0.90307	0.17905
0.97057	0.19049
1.0177	0.21465
1.0457	0.17142
1.061	0.10531
1.0584	0.043014
1.0495	-0.06251
1.033	-0.10701
1.0075	-0.15659
0.96547	-0.22016
0.92345	-0.26593
0.87505	-0.25576
0.8292	-0.29263
0.78972	-0.3117
0.75534	-0.30153
0.73241	-0.21635
0.70949	-0.12608
0.69039	-0.080309
0.68275	-0.0065694
0.656	0.0036016
0.62671	0.074799
0.60888	0.24135
0.57832	0.28203
0.5503	0.25788
0.52355	0.16125
0.50063	0.10023
0.48407	0.065899
0.46115	0.0099585
0.44332	-0.03454
0.42422	-0.10701
0.40384	-0.19982
0.38728	-0.27483
0.42422	-0.31297
0.4777	-0.27864
0.56813	-0.2583
0.656	-0.22906
0.74388	-0.20999
0.82029	-0.18456
0.8725	-0.15151
0.91198	-0.11464
0.93109	-0.06251
0.9451	0.022672
0.94128	0.02013
0.93618	0.079884
0.93364	0.18414
0.91963	0.20702
0.89798	0.18922
0.86741	0.16125
0.82284	0.11421
0.791	0.09387
0.75916	0.049371
0.73114	0.0010588
0.71331	-0.070138
0.67893	-0.19473
0.66237	-0.24559
0.63817	-0.21126
0.61652	-0.21508
0.58468	-0.23669
0.55921	-0.26085
0.5261	-0.26339
0.49808	-0.25067
0.4777	-0.21126
0.44969	-0.17439
0.42549	-0.13498
0.41148	-0.077767
0.39238	-0.018012
0.38474	0.015044
0.37582	0.037929
0.37073	0.19177
0.38346	0.29983
0.4153	0.29602
0.49426	0.19431
0.5885	0.09387
0.68529	0.0086871
0.77444	-0.028183
0.84703	-0.054882
0.89161	-0.093023
0.91963	-0.15405
0.94128	-0.196
0.94255	-0.22652
0.95656	-0.23542
0.96547	-0.20872
0.97694	-0.18075
0.98076	-0.16041
0.97439	-0.12354
0.96547	-0.082852
0.93746	-0.045982
0.9209	-0.0040267
0.88779	0.055728
0.86868	0.034115
0.84831	0.044286
0.83048	0.081156
0.80628	0.097684
0.78336	0.057
0.75916	0.044286
0.72987	-0.018012
0.70567	-0.033268
0.68147	-0.073953
0.64327	-0.12099
0.61143	-0.15405
0.57704	-0.17185
0.5503	-0.14896
0.51846	-0.12354
0.49808	-0.10955
0.46879	-0.10447
0.45351	-0.09048
0.43568	-0.051068
0.42294	0.0099585
0.41021	0.053185
0.4153	0.074799
0.46624	0.12438
0.5261	0.11421
0.60379	0.067171
0.68911	0.046828
0.76043	0.01123
0.81774	-0.035811
0.85085	-0.073953
0.87633	-0.12862
0.88524	-0.14388
0.88779	-0.19728
0.88142	-0.17948
0.87505	-0.16676
0.84958	-0.14006
0.8292	-0.12862
0.79227	-0.10065
0.75916	-0.07141
0.72095	-0.033268
0.68147	0.023944
0.64836	-0.0014839
0.62416	0.029029
0.60888	0.081156
0.58978	0.078613
0.58214	0.10023
0.56558	0.079884
0.54902	0.072256
0.52865	0.0023302
0.51718	-0.042168
0.49299	-0.029454
0.47134	-0.09048
0.44587	-0.11337
0.43058	-0.16041
0.40511	-0.18075
0.38983	-0.18965
0.37582	-0.18711
0.35926	-0.17821
0.34526	-0.15532
0.33634	-0.15532
0.32488	-0.11718
0.32997	-0.070138
0.35035	-0.033268
0.40002	0.025215
0.47898	0.19685
0.5694	0.19812
0.6611	0.19812
0.7426	0.1638
0.80628	0.12184
0.84576	0.086241
0.87505	-0.0040267
0.88524	-0.076495
0.89161	-0.15024
0.87887	-0.196
0.87505	-0.23033
0.85468	-0.23542
0.8292	-0.23033
0.78972	-0.20999
0.74897	-0.196
0.71076	-0.16295
0.67765	-0.13879
0.64836	-0.12099
0.6318	-0.052339
0.61525	-0.058696
0.60379	0.0061443
0.59105	0.055728
0.58723	0.078613
0.57577	0.090055
0.57704	0.12565
0.55666	0.1282
0.54393	0.11803
0.53884	0.082427
0.52101	0.055728
0.51591	0.0086871
0.507	-0.01674
0.507	-0.12608
0.5019	-0.16549
0.49808	-0.18965
0.48789	-0.23033
0.47261	-0.22016
0.46242	-0.2227
0.45223	-0.24305
0.45988	-0.21126
0.48535	-0.17821
0.55539	-0.14006
0.63817	-0.093023
0.71076	-0.0014839
0.791	0.034115
0.85977	0.063356
0.9018	0.1193
0.93618	0.1638
0.95401	0.16252
0.9642	0.13201
0.96165	0.13201
0.96038	0.097684
0.94128	0.09387
0.92472	0.018858
0.88779	-0.037083
0.84067	-0.093023
0.79227	-0.17566
0.75024	-0.22143
0.71204	-0.22143
0.68147	-0.2227
0.66874	-0.19728
0.65855	-0.19855
0.64709	-0.17693
0.63945	-0.16803
0.63308	-0.16295
0.61015	-0.12608
0.5885	-0.11591
0.57322	-0.089209
0.5452	-0.0052981
0.52865	-0.0027553
0.50827	0.025215
0.49681	0.16507
0.48407	0.19558
0.47516	0.17778
0.47516	0.15998
0.47388	0.095141
0.46752	0.046828
0.47134	0.053185
0.45988	0.013773
0.4586	-0.057425
0.44077	-0.10828
0.45223	-0.14134
0.48662	-0.23287
0.5452	-0.27102
0.62416	-0.23796
0.69803	-0.24813
0.77572	-0.25322
0.82793	-0.21126
0.87633	-0.15786
0.88524	-0.085395
0.89033	-0.011655
0.88779	0.012501
0.88142	0.044286
0.87378	0.096412
0.8585	0.12184
0.84067	0.1638
0.82284	0.21211
0.791	0.19558
0.76807	0.17015
0.74388	0.065899
0.72605	0.029029
0.71331	-0.066324
0.69548	-0.16168
0.68275	-0.2939
0.67383	-0.27737
0.6611	-0.26212
0.65473	-0.19855
0.62926	-0.21635
0.61015	-0.22779
0.59487	-0.19092
0.5694	-0.16803
0.55921	-0.14896
0.53756	-0.098109
0.52228	0.013773
0.50954	0.0086871
0.50572	0.037929
0.49553	0.095141
0.5019	0.14218
0.50063	0.12565
0.507	0.13074
0.51718	0.13583
0.54775	0.15998
0.60633	0.11421
0.67638	0.036657
0.76425	-0.05361
0.83557	-0.16295
0.89543	-0.29644
0.93618	-0.28119
0.95401	-0.29899
0.96165	-0.28754
0.95019	-0.27356
0.94764	-0.25703
0.93618	-0.25067
0.91581	-0.18075
0.89161	-0.12481
0.85595	-0.040897
0.82284	0.022672
0.77062	0.15362
0.72987	0.23881
0.70185	0.22609
0.67128	0.17015
0.65728	0.11548
0.64836	0.14472
0.63817	0.12565
0.63308	0.060814
0.62162	0.0010588
0.6127	-0.10701
0.5936	-0.19855
0.57832	-0.29263
0.56049	-0.28754
0.54393	-0.26466
0.53247	-0.25067
0.51209	-0.27864
0.5019	-0.23923
0.49171	-0.23033
0.47898	-0.14896
0.47516	-0.056153
0.47134	0.013773
0.46624	0.069713
0.46242	0.1193
0.47388	0.18922
0.5261	0.21211
0.60124	0.18414
0.68402	0.12184
0.77189	0.069713
0.84703	0.031572
0.90434	-0.080309
0.93873	-0.16549
0.95529	-0.22906
0.95656	-0.21126
0.95401	-0.196
0.94637	-0.20109
0.94382	-0.18838
0.92345	-0.16549
0.90434	-0.14515
0.88779	-0.10065
0.86868	-0.089209
0.84958	-0.045982
0.82793	-0.00021255
0.81392	0.031572
0.791	0.022672
0.78081	0.064628
0.76171	0.078613
0.75024	0.12057
0.73624	0.10785
0.71968	0.063356
0.69548	0.030301
0.6611	-0.012926
0.64072	-0.073953
0.61015	-0.12354
0.56813	-0.17821
0.5452	-0.17693
0.51973	-0.19473
0.48662	-0.19855
0.44587	-0.19346
0.40639	-0.15405
0.36436	-0.16295
0.33889	-0.13116
0.30195	-0.076495
0.27394	-0.029454
0.24337	-0.037083
0.23318	-0.0091122
0.23828	0.060814
0.29049	0.12311
0.38601	0.17397
0.48917	0.16634
0.59232	0.15617
0.69039	0.12438
0.76298	0.11421
0.81647	0.069713
0.86104	0.018858
0.89543	-0.091752
0.92727	-0.18583
0.95529	-0.25067
0.96802	-0.25322
0.96929	-0.23669
0.96547	-0.25322
0.94382	-0.2405
0.91453	-0.22525
0.88906	-0.17948
0.84194	-0.14896
0.8152	-0.10701
0.77826	-0.031997
0.75279	-0.026912
0.71968	0.022672
0.69676	0.11167
0.66874	0.20448
0.64581	0.22864
0.62416	0.21465
0.60124	0.14981
0.57959	0.083698
0.55794	0.037929
0.53247	-0.045982
0.51336	-0.17185
0.48789	-0.31297
0.4637	-0.32696
0.44077	-0.25067
0.42676	-0.20999
0.41275	-0.18838
0.40384	-0.18965
0.38983	-0.14388
0.38983	-0.10828
0.37837	-0.06251
0.36309	-0.09048
0.36309	-0.06251
0.40384	0.064628
0.47006	0.15871
0.57577	0.17142
0.6802	0.21592
0.78718	0.23881
0.87378	0.22482
0.93618	0.098955
0.97439	-0.014198
0.99222	-0.072681
0.9833	-0.17566
0.97566	-0.34094
0.95656	-0.34094
0.93618	-0.2494
0.90689	-0.24432
0.87378	-0.23796
0.83557	-0.24686
0.81137	-0.19092
0.76298	-0.12481
0.74006	-0.048525
0.71204	-0.035811
0.69676	-0.020555
0.67893	0.050643
0.66746	0.21846
0.66492	0.25279
0.6611	0.21465
0.64836	0.1727
0.6369	0.11294
0.62926	0.069713
0.61397	-0.01674
0.59487	-0.039625
0.57577	-0.12608
0.55539	-0.19219
0.53501	-0.25195
0.51846	-0.22652
0.50318	-0.20745
0.48917	-0.22016
0.48153	-0.20363
0.46879	-0.21126
0.46624	-0.19855
0.45605	-0.17948
0.4637	-0.15151
0.48407	-0.095566
0.55157	-0.02564
0.63308	-0.052339
0.73624	-0.0014839
0.8343	0.08497
0.90816	0.11167
0.97184	0.18159
1.0037	0.21084
1.0241	0.20575
1.0228	0.17651
1.0075	0.14345
0.98203	0.090055
0.95783	0.0392
0.92345	-0.023097
0.88524	-0.10447
0.84321	-0.23287
0.79609	-0.33967
0.75152	-0.32696
0.71076	-0.27737
0.67893	-0.30661
0.65855	-0.30534
0.64072	-0.27992
0.62416	-0.2494
0.60888	-0.16295
0.61015	-0.072681
0.59614	0.030301
0.58214	0.030301
0.56813	0.07607
0.55284	0.13455
0.53629	0.1549
0.53756	0.17397
0.53119	0.20957
0.53374	0.20448
0.52355	0.20321
0.52483	0.13455
0.52355	0.021401
0.51464	-0.073953
0.50572	-0.21762
0.48917	-0.26212
0.47643	-0.23033
0.45605	-0.24305
0.48153	-0.24305
0.52737	-0.2672
0.59997	-0.27737
0.69421	-0.23669
0.77699	-0.20109
0.85977	-0.14642
0.91581	-0.10447
0.95274	0.0061443
0.97057	0.021401
0.97694	0.058271
0.96929	0.19812
0.96547	0.23754
0.95019	0.20957
0.93873	0.20321
0.92345	0.18541
0.89543	0.12693
0.86486	0.10023
0.83175	0.013773
0.79737	-0.035811
0.76171	-0.15786
0.73114	-0.22525
0.70312	-0.27229
0.6802	-0.32187
0.66492	-0.31806
0.63435	-0.3028
0.62926	-0.30534
0.60124	-0.24813
0.58086	-0.21253
0.55284	-0.15024
0.52355	-0.10955
0.50318	-0.026912
0.47516	0.068442
0.4586	0.17905
0.44714	0.19304
0.43822	0.26169
0.44714	0.23499
0.44714	0.19685
0.46624	0.09387
0.47388	0.0074157
0.49426	-0.061239
0.49936	-0.14134
0.55412	-0.24177
0.62544	-0.25576
0.71204	-0.23796
0.80119	-0.22525
0.87378	-0.2049
0.92981	-0.23542
0.97057	-0.196
0.98203	-0.12608
0.99094	-0.076495
0.97439	-0.011655
0.9642	0.0036016
0.9451	0.044286
0.91835	0.1371
0.89543	0.18795
0.86486	0.23245
0.83685	0.18032
0.79864	0.14472
0.76807	0.1015
0.74133	0.055728
0.71968	0.013773
0.70058	-0.057425
0.68911	-0.16168
0.67256	-0.23796
0.65218	-0.27483
0.63562	-0.2494
0.62289	-0.28627
0.60124	-0.2316
0.57832	-0.21635
0.55666	-0.15913
0.53501	-0.14261
0.51336	-0.10955
0.49171	-0.086666
0.48535	-0.039625
0.46879	0.004873
0.46752	0.035386
0.46624	0.062085
0.46242	0.12311
0.46624	0.1282
0.48662	0.15617
0.53756	0.13583
0.61015	0.11167
0.69548	0.078613
0.79482	0.012501
0.8725	-0.042168
0.94128	-0.079038
0.97694	-0.12226
0.98712	-0.14642
0.98967	-0.18965
0.97821	-0.19473
0.95529	-0.20999
0.93873	-0.21253
0.90944	-0.20109
0.88524	-0.16549
0.85085	-0.13752
0.80883	-0.12989
0.77189	-0.12989
0.7426	-0.075224
0.7235	-0.028183
0.70058	0.018858
0.69676	0.034115
0.69293	0.068442
