0.82029	0.18032
0.70185	0.17015
0.60124	0.16761
0.52228	0.16888
0.45478	0.16507
0.37327	0.15617
0.31087	0.17651
0.23446	0.16252
0.16059	0.17015
0.10201	0.1727
0.033236	0.16125
-0.027894	0.17142
-0.072468	0.16252
-0.1094	0.17142
-0.13742	0.17397
-0.17053	0.17142
-0.1769	0.17015
-0.18454	0.18159
-0.18454	0.17651
-0.1769	0.16634
-0.1769	0.15617
-0.16162	0.18922
-0.15525	0.18414
-0.13615	0.18541
-0.067374	0.21974
0.086725	0.22736
0.34144	0.18414
0.65728	0.16634
0.98585	0.1638
1.2991	0.12057
1.5271	0.14345
1.7105	0.1282
1.8289	0.18287
1.8977	0.15617
1.9181	0.18922
1.9041	0.18032
1.8442	0.19304
1.7462	0.19049
1.6239	0.0481
1.4762	-0.028183
1.3399	-0.030726
1.196	0.015044
1.0737	0.051914
0.97566	0.08497
0.88524	0.14472
0.80883	0.11675
0.73624	0.07607
0.67765	0.018858
0.59869	-0.093023
0.52865	0.086241
0.46115	0.11294
0.37964	-0.024369
0.30195	-0.10319
0.23573	-0.084124
0.17205	-0.087938
0.11602	-0.087938
0.067622	-0.079038
0.033236	-0.056153
-0.0075173	-0.066324
-0.015159	0.081156
-0.038082	0.17524
-0.04445	0.16888
-0.057186	0.11675
-0.059733	0.23881
-0.072468	0.41553
-0.067374	0.40536
-0.026621	0.36976
0.080358	0.44096
0.28158	0.50961
0.55794	0.45494
0.88142	0.41934
1.1833	0.39392
1.4736	0.29348
1.6825	0.21211
1.8302	0.25788
1.9143	0.21719
1.9448	0.16125
1.9194	0.12311
1.8455	0.070985
1.7296	0.045557
1.5679	0.017587
1.3998	-0.02564
1.2253	-0.18583
1.061	-0.18838
0.92345	-0.0052981
0.79737	0.16888
0.72095	0.25279
0.64199	0.19558
0.58723	0.046828
0.52992	-0.10319
0.48662	-0.21253
0.42549	-0.13498
0.38092	-0.03454
0.32361	0.013773
0.26247	-0.093023
0.20262	-0.14769
0.1504	-0.21889
0.11729	-0.20745
0.076537	-0.10192
0.048519	-0.085395
0.037057	0.037929
0.0026711	0.20575
0.00012402	0.50961
0.0064918	0.59225
0.023048	0.40536
0.085452	0.45748
0.20771	0.44604
0.41785	0.21846
0.68784	0.16761
0.99094	0.15871
1.2673	0.24389
1.5156	0.34433
1.6939	0.25279
1.8098	0.17397
1.8684	0.24516
1.8773	0.33416
1.8404	0.49817
1.7627	0.49817
1.6417	0.33416
1.4991	0.26805
1.3335	0.19304
1.1807	0.060814
1.0355	-0.095566
0.91071	-0.30153
0.80373	-0.13244
0.71841	0.17651
0.64454	0.041743
0.58723	-0.22525
0.54011	-0.30661
0.48789	-0.29517
0.42931	-0.018012
0.38474	0.10658
0.33125	0.069713
0.28285	-0.0078408
0.20262	0.0036016
0.16441	-0.026912
0.11092	-0.068867
0.067622	-0.17058
0.019227	-0.094295
-0.026621	-0.010384
-0.052091	-0.10192
-0.085204	-0.16676
-0.072468	0.044286
-0.017706	0.20702
0.13003	0.35959
0.36054	0.45367
0.62671	0.57827
0.90052	0.37484
1.1591	0.27186
1.3781	0.17142
1.5297	0.19558
1.6392	0.22482
1.7029	0.16634
1.722	0.21592
1.6901	0.18922
1.6341	0.25915
1.5246	0.27313
1.3845	0.31763
1.2355	0.29856
1.1043	0.35959
0.97821	0.31
0.8534	0.26932
0.75024	0.29475
0.66746	0.37739
0.58341	0.49944
0.50318	0.41553
0.43058	0.20575
0.34271	0.025215
0.26757	0.074799
0.19116	0.022672
0.12621	0.17397
0.063801	0.21465
0.0026711	-0.16549
-0.045724	-0.24177
-0.08393	-0.12099
-0.1145	0.13074
-0.14506	0.18032
-0.1578	-0.30661
-0.16926	-0.4096
-0.16671	-0.24177
-0.12214	-0.11337
-0.012611	0.015044
0.16569	-0.20236
0.39365	-0.42994
0.64963	-0.4185
0.91708	-0.23287
1.1387	0.0392
1.3119	0.20829
1.4354	0.35959
1.5207	0.5236
1.5666	0.74354
1.5526	0.58589
1.5233	0.28458
1.4507	0.10023
1.3539	0.18668
1.2406	0.36086
1.1119	0.3367
0.99859	0.44223
0.90307	0.59352
0.80883	0.53631
0.72477	0.41553
0.64963	0.34433
0.56049	0.27186
0.48535	0.14854
0.41657	0.023944
0.34016	-0.10955
0.2663	-0.16931
0.19243	-0.27483
0.1313	-0.30789
0.062528	-0.4096
0.0064918	-0.27229
-0.048271	0.044286
-0.077562	0.21974
-0.1145	0.19049
-0.1285	-0.019283
-0.13233	-0.057425
-0.10558	-0.023097
-0.030441	-0.10447
0.093093	-0.13752
0.2854	-0.39307
0.49681	-0.37146
0.73624	-0.30661
0.95274	-0.25195
1.1234	-0.095566
1.2558	0.044286
1.3373	0.24389
1.373	0.45113
1.3896	0.84144
1.3717	0.70922
1.3208	0.24008
1.2418	0.1638
1.1374	0.27822
1.0368	0.50961
0.93746	0.59734
0.85722	0.60496
0.78336	0.50834
0.70822	0.39519
0.64072	0.19431
0.58341	0.15871
0.51591	-0.0078408
0.44714	-0.037083
0.36563	-0.082852
0.30195	-0.084124
0.23318	-0.13879
0.17205	-0.26339
0.1071	-0.31424
0.048519	-0.36764
0.00012402	-0.33586
-0.036809	-0.14261
-0.068648	-0.077767
-0.082657	-0.070138
-0.090298	-0.17439
-0.048271	-0.30661
0.039604	-0.33459
0.20644	-0.17439
0.40257	0.069713
0.62926	0.37993
0.83302	0.55157
1.0202	0.76516
1.1731	0.64438
1.2915	0.36722
1.3641	0.16252
1.4125	0.14091
1.4278	0.18795
1.4125	0.20702
1.3603	0.3545
1.2737	0.52614
1.1743	0.61895
1.0775	0.43841
0.97694	0.33162
0.88906	0.16125
0.79864	0.08497
0.74642	0.063356
0.67128	0.0481
0.60379	-0.087938
0.53756	-0.3206
0.47006	-0.37527
0.40639	-0.16676
0.35035	-0.14896
0.28667	-0.17185
0.2421	-0.012926
0.20007	-0.054882
0.16951	-0.068867
0.13894	-0.2761
0.11984	-0.51258
0.096914	-0.48461
0.07399	-0.33077
0.080358	-0.17439
0.099461	0.14091
0.14913	0.36467
0.27776	0.4791
0.45223	0.80711
0.64199	0.92917
0.85213	0.3367
1.0253	0.0074157
1.1641	0.044286
1.2864	0.27059
1.3654	0.31636
1.4176	0.26678
1.4329	0.20194
1.424	0.33925
1.3883	0.46638
1.3284	0.58716
1.2406	0.53122
1.1438	0.44096
1.0572	0.26551
0.96293	0.27059
0.89033	0.18922
0.8152	0.063356
0.74133	-0.12862
0.68911	-0.29644
0.61652	-0.49986
0.55412	-0.66769
0.49426	-0.36764
0.43695	-0.0065694
0.37455	0.17015
0.32488	0.091327
0.28285	-0.20109
0.24719	-0.49605
0.2179	-0.33459
0.18734	-0.47317
0.15168	-0.41595
0.14149	0.013773
0.11984	0.32526
0.1071	0.40409
0.09564	0.76643
0.11347	1.1682
0.1746	0.53885
0.28922	0.092598
0.44459	0.15617
0.62162	0.29729
0.8152	0.3901
0.97439	0.48673
1.1208	0.57318
1.2087	0.58716
1.2864	0.38629
1.331	0.10531
1.3323	0.01123
1.3246	-0.058696
1.2788	-0.20236
1.2138	-0.09938
1.1196	-0.073953
1.0355	-0.16931
0.94892	-0.15913
0.86996	-0.049796
0.81265	-0.17439
0.74642	-0.17693
0.70058	-0.16676
0.64072	-0.25576
0.61525	-0.38798
0.57195	-0.38163
0.52865	-0.30153
0.49426	-0.15786
0.45733	-0.049796
0.41785	0.22864
0.3911	0.52614
0.35035	0.90755
0.31851	0.96349
0.30323	0.45621
0.27521	0.17651
0.25229	0.14854
0.24337	0.24516
0.23318	0.23245
0.25101	0.29348
0.29813	0.38502
0.39238	0.56809
0.52865	0.57445
0.69676	0.31636
0.8534	0.20575
1.0075	0.10023
1.1221	0.11294
1.196	0.092598
1.2469	-0.035811
1.2737	-0.21635
1.2928	-0.38163
1.2749	-0.35493
1.2431	-0.22779
1.1833	-0.16803
1.1068	-0.070138
1.0368	-0.12862
0.96929	-0.16168
0.91326	-0.33204
0.85977	-0.47444
0.81265	-0.35366
0.76425	-0.40833
0.71713	-0.24305
0.6611	0.045557
0.60761	0.21211
0.55921	0.42189
0.50572	0.81728
0.44587	1.0983
0.41403	0.57318
0.36945	0.063356
0.32997	0.0481
0.28667	0.29729
0.25993	0.28458
0.23318	0.22991
0.20771	0.35069
0.18351	0.36849
0.17205	0.57954
0.18097	0.62531
0.22682	0.57572
0.32615	0.36849
0.47898	0.18287
0.65091	0.0023302
0.82666	0.016315
0.98585	-0.042168
1.1094	-0.22779
1.2215	-0.31933
1.2813	-0.39307
1.3272	-0.41977
1.3514	-0.22779
1.3488	0.0010588
1.317	-0.063782
1.2673	-0.37654
1.1998	-0.55708
1.1298	-0.48207
1.0457	-0.26593
0.98203	-0.080309
0.9209	0.31636
0.85085	1.0296
0.80755	1.1936
0.75406	0.50961
0.7044	0.14091
0.64072	0.1282
0.57067	0.24262
0.51082	0.21084
0.44841	0.31
0.39747	0.48673
0.33889	0.52741
0.28285	0.51215
0.24847	0.38756
0.20517	0.29602
0.17842	0.17397
0.14658	0.09387
0.12493	0.11675
0.10328	-0.019283
0.098187	-0.17566
0.09182	-0.34476
0.15168	-0.39434
0.25101	-0.25449
0.38219	-0.082852
0.56431	0.025215
0.7426	0.097684
0.90944	-0.03454
1.0521	-0.17439
1.1591	-0.40324
1.2367	-0.49478
1.2864	-0.42485
1.3106	-0.39434
1.3017	-0.13752
1.2851	0.14981
1.2316	0.3634
1.154	0.72066
1.0737	1.0665
0.99222	0.81474
0.9209	0.29602
0.84703	0.035386
0.78463	0.13455
0.71713	0.32399
0.6751	0.36722
0.62416	0.54521
0.5694	0.61386
0.51846	0.51724
0.46879	0.34942
0.40893	0.24008
0.35417	0.10404
0.30705	0.044286
0.26502	-0.038354
0.22172	-0.16931
0.1937	-0.23669
0.17078	-0.33586
0.14658	-0.25576
0.12875	-0.22016
0.13512	-0.09938
0.14021	0.025215
0.17587	-0.0078408
0.27521	-0.037083
0.43186	-0.11209
0.60633	-0.3117
0.79864	-0.32441
0.99094	-0.2494
1.145	-0.29009
1.2673	-0.15913
1.3539	-0.0014839
1.4125	0.33543
1.4494	0.78169
1.452	0.96476
1.4189	0.70667
1.3692	0.27186
1.28	0.18668
1.1947	0.24898
1.1017	0.31382
1.0202	0.56428
0.94382	0.72066
0.86486	0.58844
0.80119	0.33543
0.73878	0.1727
0.68275	0.092598
0.61525	0.068442
0.55284	-0.16422
0.48917	-0.33713
0.42804	-0.42867
0.35926	-0.39815
0.28922	-0.52783
0.25229	-0.48207
0.21281	-0.32696
0.16059	-0.16041
0.1313	-0.096837
0.11729	-0.31551
0.096914	-0.28754
0.084178	0.068442
0.09564	0.32399
0.12621	0.67108
0.22172	1.0716
0.36436	0.75117
0.55794	0.26423
0.75534	-0.0065694
0.95019	0.19049
1.1259	0.31255
1.2648	0.44096
1.3603	0.54521
1.4252	0.7054
1.4647	0.50198
1.4673	0.34052
1.4303	0.087513
1.3692	-0.01674
1.2864	-0.10828
1.1807	-0.20236
1.0877	-0.27737
0.99477	-0.34094
0.8967	-0.3473
0.83685	-0.32823
0.77317	-0.14769
0.71841	-0.11845
0.6611	-0.3028
0.61143	-0.26593
0.56303	-0.2672
0.50954	-0.30789
0.46497	-0.28373
0.42422	-0.037083
0.37327	0.18541
0.33125	0.32907
0.29686	0.61005
0.26375	0.81601
0.22936	0.69905
0.20134	0.3189
0.17715	0.16888
0.15804	0.27822
0.13639	0.3456
0.11984	0.3545
0.12366	0.57572
0.20644	0.59352
0.31851	0.51851
0.50063	0.30746
0.69293	0.18795
0.88015	0.09387
1.0572	-0.018012
1.1998	-0.15532
1.3119	-0.35874
1.3832	-0.48461
1.4087	-0.33204
1.4303	-0.14261
1.4099	-0.14006
1.3692	-0.25576
1.2839	-0.3384
1.1947	-0.35238
1.0979	-0.42231
1.0088	-0.29899
0.92727	-0.086666
0.86232	0.1638
0.78972	0.50198
0.72987	0.92917
0.65855	0.95332
0.60888	0.62658
0.54902	0.26551
0.4777	0.1104
0.42294	0.26932
0.35544	0.36467
0.29813	0.52741
0.23828	0.69015
0.19752	0.56937
0.15804	0.39264
0.11602	0.17651
0.089272	0.050643
0.061254	0.018858
0.044698	-0.17693
0.03833	-0.30534
0.037057	-0.4096
0.059981	-0.44647
0.14149	-0.47571
0.26757	-0.32823
0.44205	-0.17566
0.65091	-0.17566
0.8534	-0.25576
1.0368	-0.3117
1.1756	-0.25957
1.294	-0.033268
1.359	0.28076
1.3908	0.37357
1.3896	0.49435
1.3666	0.84144
1.3093	0.67743
1.2062	0.46003
1.117	0.24135
1.0215	0.16761
0.92599	0.30619
0.84831	0.41044
0.77954	0.48927
0.71586	0.63929
0.66492	0.46384
0.60124	0.24644
0.55794	0.088784
0.49936	-0.026912
0.43695	-0.14134
0.39238	-0.23415
0.33252	-0.31679
0.28413	-0.44774
0.24592	-0.50876
0.21153	-0.39434
0.16314	-0.26974
0.1504	-0.18202
0.13639	-0.20745
0.12493	-0.29009
0.12621	-0.37654
0.1313	-0.035811
0.15932	0.41044
0.25865	0.741
0.40129	0.741
0.5936	0.56809
0.80755	0.53758
1.0139	0.34433
1.1718	0.21846
1.3144	0.19685
1.3896	0.20448
1.4189	0.32145
1.4392	0.4702
1.4163	0.52105
1.3552	0.5325
1.2597	0.44986
1.1438	0.47147
1.0317	0.18795
0.91326	-0.0052981
0.81392	-0.070138
0.71586	-0.29263
0.65345	-0.63336
0.59869	-0.77575
0.54138	-0.59268
0.49936	-0.25703
0.45733	-0.21253
0.41148	-0.22652
0.37582	-0.51766
0.33379	-0.41468
0.29941	0.054457
0.2612	0.50834
0.23191	1.2165
0.19498	0.98511
0.17205	0.43079
0.15168	0.12947
0.13894	0.13837
0.12238	0.37357
0.11347	0.50453
0.11474	0.59225
0.12621	0.61641
0.18224	0.48037
0.30195	0.29856
0.4777	0.14345
0.67765	0.10658
0.89798	-0.15278
1.0839	-0.33331
1.2393	-0.48207
1.3514	-0.48079
1.4354	-0.40833
1.4787	-0.17948
1.4914	0.13074
1.4698	0.18795
1.4303	0.030301
1.3692	-0.2761
1.28	-0.32314
1.1833	-0.27356
1.1043	-0.32696
1.0126	-0.18456
0.94637	0.13455
0.88524	0.35705
0.82538	0.39137
0.77062	0.4257
0.70058	0.58971
0.64072	0.77406
0.56685	0.54775
0.49299	0.28203
0.41403	0.1371
0.34016	0.30238
0.27776	0.5325
0.20007	0.58462
0.15168	0.55411
0.099461	0.32272
0.043425	0.18795
0.00012402	0.17524
-0.032988	0.14218
-0.075015	-0.0014839
-0.091571	-0.2672
-0.1094	-0.54691
-0.058459	-0.38417
0.024321	-0.31806
0.18479	-0.13244
0.39238	-0.16295
0.61397	-0.24686
0.82156	-0.37654
1.0241	-0.25449
1.1603	0.09387
1.266	0.22101
1.3208	0.46638
1.3463	0.64438
1.3488	0.64946
1.3182	0.4435
1.252	0.28076
1.1743	0.20067
1.0979	0.25915
1.0177	0.40663
0.94128	0.50198
0.88015	0.53122
0.82156	0.59734
0.77826	0.49435
0.71968	0.52487
0.67128	0.42316
0.62034	0.1015
0.5503	-0.048525
0.47898	-0.085395
0.41148	-0.20999
0.35417	-0.41595
0.29813	-0.56343
0.23955	-0.33713
0.21026	-0.054882
0.16696	0.22864
0.13512	0.068442
0.10583	-0.12989
0.089272	-0.46935
0.085452	-0.35874
0.082905	-0.2761
0.096914	-0.33967
0.14531	-0.25576
0.21917	-0.093023
0.36309	0.17524
0.56813	0.4613
0.791	0.93298
1.0075	0.86687
1.1883	0.68252
1.345	0.19685
1.4507	0.1549
1.4991	0.23754
1.5411	0.41934
1.536	0.59098
1.5004	0.77533
1.4201	0.66599
1.3208	0.43968
1.2113	0.25533
1.0916	0.12057
0.98203	0.015044
0.89288	-0.16422
0.80883	-0.55072
0.73496	-0.59268
0.69039	-0.28119
0.63562	-0.089209
0.5694	-0.054882
0.52101	0.0023302
0.46879	0.016315
0.43313	-0.15659
0.39238	-0.3384
0.34398	-0.34603
0.31978	-0.34476
0.2854	-0.12099
0.26502	-0.011655
0.237	0.22609
0.22427	0.55665
0.20389	1.1072
0.19498	0.74609
0.18734	0.61005
0.20134	0.20957
0.25611	0.13201
0.3529	0.19177
0.52865	0.36849
0.72987	0.58589
0.93618	0.68633
1.1132	0.41553
1.2533	0.20829
1.3666	0.18032
1.4303	0.10023
1.4609	0.073527
1.4507	-0.021826
1.4316	-0.030726
1.3692	-0.10828
1.2864	-0.20236
1.1871	-0.15024
1.0826	-0.13244
0.99094	-0.31806
0.90689	-0.2939
0.82666	-0.22016
0.76043	-0.19473
0.70694	-0.21762
0.64581	-0.196
0.59105	-0.25322
0.52101	-0.26085
0.45733	0.029029
0.39874	0.32907
0.33761	0.61895
0.2803	0.76643
0.22809	0.68125
0.18734	0.7944
0.14021	0.60624
0.10965	0.34687
0.081631	0.25025
0.049792	0.49181
0.03451	0.49435
0.023048	0.37484
0.029416	0.18287
0.076537	0.059542
0.17969	0.022672
0.32997	-0.28882
0.53756	-0.48461
0.76043	-0.26339
0.96293	-0.14388
1.1387	-0.068867
1.2686	-0.072681
1.3641	-0.047254
1.424	-0.019283
1.4494	-0.075224
1.4392	-0.085395
1.4125	-0.15278
1.3361	-0.3028
1.2507	-0.36764
1.1361	-0.28119
1.0368	-0.087938
0.94	0.13455
0.85085	0.39773
0.78336	0.70159
0.71713	0.73464
0.65473	0.79949
0.59232	0.25406
0.53119	0.21211
0.4828	0.26678
0.41148	0.28712
0.36309	0.36467
0.28795	0.61259
0.23318	0.64311
0.17587	0.59098
0.13512	0.31509
0.10328	0.065899
0.068896	-0.045982
0.03833	0.01123
0.011586	-0.019283
0.010312	-0.13116
0.0064918	-0.2049
0.045972	-0.2672
0.15168	-0.27864
0.3096	-0.12354
0.507	0.004873
0.72605	0.0074157
0.92854	-0.054882
1.1068	-0.054882
1.2342	-0.19728
1.3208	-0.37527
1.3768	-0.45664
1.3934	-0.4363
1.3756	-0.19473
1.3233	0.18032
1.2253	0.51851
1.1387	0.80457
1.0381	0.72447
0.93746	0.96349
0.84194	0.57318
0.76298	0.32018
0.70822	0.25025
0.63562	0.34433
0.57449	0.53631
0.51973	0.42951
0.46242	0.37866
0.40639	0.23881
0.34398	0.10023
0.28667	-0.11718
0.22936	-0.20109
0.18224	-0.25576
0.13767	-0.22016
0.09182	-0.46299
0.053613	-0.61175
0.024321	-0.32441
0.0064918	-0.0052981
-0.0062437	-0.02564
0.0090389	-0.14896
0.061254	-0.23287
0.15804	-0.196
0.3287	-0.2939
0.53629	-0.11464
0.75406	0.026486
0.96929	0.31636
1.1387	0.45621
1.2622	0.64946
1.3475	0.69523
1.3845	0.59606
1.3857	0.26932
1.3781	0.22991
1.3208	0.3189
1.2431	0.38247
1.1374	0.58462
1.0355	0.55665
0.93873	0.58971
0.85468	0.4969
0.77699	0.25661
0.70694	0.095141
0.65855	0.035386
0.59869	-0.047254
0.53884	-0.25322
0.49299	-0.40578
0.44969	-0.23542
0.3911	-0.25067
0.36563	-0.16676
0.32615	-0.12608
0.29686	-0.029454
0.27521	-0.12735
0.25356	-0.20999
0.22682	-0.19855
0.21663	-0.2049
0.20389	-0.31043
0.21026	-0.11337
0.21663	0.26678
0.2854	0.44858
0.3962	0.43333
0.5694	0.46766
0.76043	0.47528
0.96038	0.73464
1.1336	0.3723
1.2673	0.28076
1.3437	0.3545
1.4036	0.47147
1.4227	0.51215
1.4201	0.52995
1.3717	0.40536
1.3004	0.31763
1.196	0.15108
1.0916	0.062085
0.97694	0.012501
0.89543	-0.13116
0.78718	-0.26339
0.71076	-0.34857
0.65345	-0.29772
0.5936	-0.11591
0.53629	-0.10955
0.49171	-0.18965
0.44714	-0.29263
0.39492	-0.30789
0.35035	-0.35747
0.31342	-0.46045
0.27903	-0.33713
0.24337	-0.039625
0.22299	0.27695
0.19116	0.74736
0.17587	1.2597
0.14786	0.97366
0.13003	0.30746
0.12111	0.026486
0.11856	0.22482
0.14149	0.47655
0.20134	0.57318
0.3096	0.47274
0.4777	0.34815
0.67893	0.26551
0.87378	0.07607
1.0393	-0.098109
1.1845	-0.22525
1.2775	-0.20745
1.3437	-0.23669
1.3857	-0.20236
1.3883	-0.27737
1.3679	-0.20363
1.3195	-0.24305
1.2482	-0.18456
1.1489	-0.31297
1.0686	-0.5647
0.97184	-0.46045
0.89161	0.11803
0.82538	0.37357
0.76553	0.49563
0.70567	0.50198
0.65091	0.85924
0.58341	0.79694
0.51336	0.38502
0.44332	0.146
0.372	0.21211
0.30323	0.32526
0.25483	0.51215
0.19752	0.45748
0.15295	0.40154
0.12493	0.36467
0.080358	0.26805
0.05234	0.15998
0.020501	-0.014198
0.01286	-0.17821
0.01286	-0.29136
0.017954	-0.36001
0.066349	-0.44392
0.17715	-0.36128
0.32997	-0.4007
0.54393	-0.36256
0.76553	-0.31933
0.97948	-0.2761
1.1591	-0.084124
1.294	0.032843
1.3883	0.43587
1.4405	0.78931
1.4507	0.87831
1.4392	0.7054
1.3998	0.46511
1.3081	0.31763
1.2062	0.4257
1.0954	0.36722
0.97948	0.53631
0.88015	0.44477
0.78718	0.28712
0.71076	0.037929
0.64454	-0.044711
0.58341	-0.19219
0.51846	-0.27356
0.45988	-0.28882
0.40384	-0.27992
0.35544	-0.20109
0.29941	-0.066324
0.24337	0.013773
0.19243	-0.17821
0.13257	-0.36637
0.11092	-0.33713
0.09564	-0.42104
0.079084	-0.30916
0.059981	-0.12608
0.061254	0.19177
0.063801	0.50071
0.07781	0.92662
0.12238	1.0207
0.21281	0.49308
0.372	0.23372
0.57067	0.25152
0.81265	0.3634
1.0368	0.39519
1.2469	0.43333
1.3947	0.50071
1.5144	0.37993
1.5831	0.25661
1.5984	0.053185
1.5806	0.013773
1.5246	-0.14388
1.4405	-0.31043
1.3297	-0.31679
1.2049	-0.24177
1.0941	-0.15913
0.99222	-0.070138
0.90052	-0.02564
0.82156	-0.012926
0.76807	-0.15913
0.70058	-0.32314
0.64963	-0.63717
0.5936	-0.53673
0.54011	-0.36001
0.49044	-0.014198
0.42931	0.33035
0.37964	0.8923
0.31851	0.89865
0.27266	0.69523
0.22936	0.48164
0.19752	0.10531
0.16696	0.17142
0.13512	0.30238
0.12621	0.29602
0.13003	0.23118
0.18606	0.40409
0.30323	0.45621
0.47006	0.5325
0.67001	0.45621
0.87633	0.4613
1.0686	0.42061
1.2215	0.18922
1.3259	0.01123
1.3985	0.018858
1.4367	-0.10065
1.4278	-0.11591
1.3934	-0.22016
1.331	-0.29009
1.2507	-0.23287
1.145	-0.20109
1.0457	-0.048525
0.94	0.035386
0.85468	-0.11337
0.78463	-0.21889
0.72095	-0.28754
0.65982	-0.2761
0.5936	-0.27229
0.54011	-0.27229
0.48153	-0.10574
0.41785	0.22609
0.36181	0.44858
0.30323	0.62403
0.24592	0.88594
0.18097	0.78677
0.13512	0.37993
0.080358	0.22101
0.049792	0.31382
0.029416	0.36467
0.0090389	0.47655
0.057434	0.58844
0.16059	0.54267
0.32743	0.45876
0.53629	0.21465
0.76553	0.10913
0.97694	-0.086666
1.145	-0.2405
1.2737	-0.21508
1.3603	-0.22906
1.4023	-0.26847
1.415	-0.26593
1.3921	-0.077767
1.3259	0.072256
1.238	0.004873
1.1323	-0.031997
1.0113	-0.14388
0.89798	-0.24432
0.80501	-0.26085
0.72095	-0.26847
0.64327	-0.22143
0.58723	0.07607
0.53629	0.28076
0.48789	0.48164
0.4344	0.48673
0.39238	0.42316
0.34016	0.42824
0.28795	0.43841
0.24082	0.44477
0.20262	0.42061
0.15168	0.45113
0.11474	0.43587
0.081631	0.50707
0.053613	0.57827
0.040878	0.42951
0.03451	0.23118
0.048519	0.053185
0.13257	-0.011655
0.27394	-0.12989
0.48153	-0.2138
0.71204	-0.31679
0.94637	-0.36891
1.1603	-0.37527
1.3284	-0.29263
1.4443	-0.22016
1.5284	-0.015469
1.5781	-0.03454
1.5959	-0.26212
1.573	-0.3829
1.5156	-0.35747
1.4316	-0.28882
1.3221	-0.082852
1.2036	0.19177
1.0877	0.58335
0.97439	0.70922
0.87378	0.63039
0.79227	0.94951
0.71076	0.99909
0.63945	0.096412
0.56049	0.070985
0.47898	0.33035
0.40257	0.58462
0.32233	0.55792
0.25101	0.54394
0.18606	0.41807
0.12111	0.2922
0.068896	0.16125
0.019227	0.037929
-0.013885	-0.094295
-0.055912	-0.052339
-0.08011	-0.043439
-0.11067	-0.13116
-0.11832	-0.18965
-0.12468	-0.29263
-0.092845	-0.25957
0.00012402	-0.16549
0.17333	-0.068867
0.3962	-0.065053
0.64581	-0.11972
0.90307	-0.13498
1.1298	-0.24305
1.2979	-0.28627
1.4354	-0.23796
1.5156	-0.36764
1.5577	-0.14769
1.5589	0.3545
1.5284	0.75117
1.4558	0.51215
1.3679	0.21974
1.2495	0.64819
1.1323	0.51978
1.005	0.2922
0.9018	0.41807
0.80246	0.45621
0.72477	0.45621
0.656	0.5414
0.57832	0.49308
0.52101	0.44604
0.46115	0.26805
0.39747	0.18287
0.3287	-0.037083
0.27648	-0.21635
0.22172	-0.27356
0.18097	-0.32441
0.14403	-0.31297
0.11729	-0.17693
0.11729	-0.14769
0.096914	-0.063782
0.10073	-0.042168
0.086725	-0.21889
0.09564	-0.27864
0.09182	-0.37273
0.11347	-0.37781
0.17715	-0.22525
0.28158	0.09387
0.44841	0.35832
0.66746	0.73973
0.89543	0.82364
1.0928	0.65836
1.2711	0.4524
1.3756	0.22864
1.4392	0.19812
1.4685	0.15108
1.4545	0.31382
1.4023	0.55029
1.3284	0.63166
1.2316	0.6787
1.117	0.46638
1.0075	0.30365
0.89161	0.15108
0.80246	-0.033268
0.72605	-0.30661
0.67383	-0.19855
0.64454	-0.21253
0.60379	-0.22652
0.55794	-0.26593
0.52228	-0.14006
0.46752	-0.070138
0.41912	-0.13498
0.36181	-0.15913
0.3096	-0.20618
0.2421	-0.29009
0.2179	-0.094295
0.16696	-0.11464
0.1313	-0.13625
0.094367	-0.048525
0.057434	0.26423
0.033236	0.59479
0.01286	0.7766
-0.013885	0.70286
-0.017706	0.59225
-0.020253	0.33162
0.01668	0.17905
0.13639	0.1193
0.30832	0.24135
0.5452	0.44477
0.77954	0.65963
1.0202	0.72575
1.2164	0.48037
1.3552	0.16634
1.4431	0.16252
1.4864	0.032843
1.4851	-0.12354
1.4532	-0.22398
1.3781	-0.3028
1.3081	-0.44774
1.1896	-0.70456
1.0763	-0.31424
0.96929	-0.23287
0.8776	-0.2316
0.79991	-0.41595
0.73114	-0.52529
0.67765	-0.054882
0.63308	0.11675
0.58468	0.59988
0.53374	0.94951
0.48535	0.69142
0.43186	0.49181
0.37455	0.29093
0.3045	0.13074
0.24337	0.25533
0.19625	0.37357
0.13003	0.54394
0.10583	0.43587
0.049792	0.38629
0.014133	0.32145
-0.021526	0.27695
-0.041903	0.18795
-0.052091	0.043014
-0.041903	-0.18711
0.014133	-0.3028
0.1504	-0.28246
0.35162	-0.3028
0.58596	-0.196
0.83175	0.035386
1.0406	0.091327
1.2151	0.030301
1.3399	-0.077767
1.3998	-0.25322
1.424	-0.41214
1.3972	-0.35111
1.345	-0.34094
1.2558	-0.2049
1.154	0.077342
1.0151	0.42951
0.90689	0.71303
0.80373	0.81983
0.7235	0.59479
0.656	0.40663
0.60379	0.3812
0.5503	0.27949
0.50445	0.10023
0.46115	0.31763
0.40511	0.52995
0.35417	0.50198
0.29941	0.58335
0.23191	0.33416
0.17078	0.1282
0.11729	0.0392
0.068896	0.090055
0.01668	-0.081581
-0.025347	-0.25703
-0.054639	-0.26212
-0.068648	-0.31806
-0.085204	-0.3473
-0.049544	-0.21126
0.031963	0.10785
0.20262	0.1638
0.44332	0.030301
0.71458	-0.21126
0.98458	-0.30026
1.2418	-0.33967
1.4431	-0.32569
1.5997	-0.22398
1.6825	0.0061443
1.7258	0.28966
1.7398	0.49563
1.7041	0.61259
1.6303	0.57699
1.5309	0.67998
1.4252	0.38374
1.3081	0.073527
1.1947	0.24008
1.0954	0.22228
0.99604	0.43714
0.8967	0.72575
0.80755	0.50707
0.72095	0.4346
0.63053	0.25788
0.54902	0.15871
0.46752	0.16507
0.39492	0.055728
0.30832	-0.2138
0.23828	-0.33331
0.17587	-0.24559
0.12111	-0.25322
0.063801	-0.16931
0.026869	-0.045982
-0.021526	0.1371
-0.032988	-0.13752
-0.036809	-0.22652
0.023048	-0.32441
0.15932	-0.33967
0.37709	-0.23542
0.656	-0.16931
0.9642	-0.037083
1.2431	0.19177
1.4838	0.66599
1.6583	1.1822
1.764	0.78423
1.8277	0.2922
1.8353	0.14345
1.7971	0.09387
1.7041	0.16507
1.5717	0.41553
1.4112	0.40027
1.2507	0.55284
1.1043	0.37484
0.95783	0.21592
0.84831	0.079884
0.73878	-0.028183
0.6611	-0.087938
0.57832	-0.12989
0.51209	-0.21508
0.43568	-0.30534
0.38601	-0.28627
0.32615	0.0036016
0.26884	0.1104
0.22045	0.14854
0.18097	-0.0027553
0.13385	-0.18838
0.090546	-0.29263
0.048519	-0.38925
0.01286	-0.44901
-0.0075173	-0.2939
-0.0011495	-0.0052981
0.075263	0.26169
0.22045	0.54394
0.45223	0.60369
0.72732	0.72575
1.0088	0.62531
1.2622	0.68506
1.4456	0.23118
1.5933	0.027758
1.6634	0.23118
1.6888	0.46511
1.6685	0.65836
1.6175	0.66472
1.5144	0.24262
1.3921	-0.014198
1.2444	0.12057
1.1043	0.11421
0.98585	-0.084124
0.87633	-0.15405
0.80373	-0.2405
0.72605	-0.41341
0.67638	-0.23923
0.62416	-0.030726
0.57322	0.12693
0.51718	-0.14134
0.46497	-0.068867
0.40766	-0.25957
0.36309	-0.4185
0.30705	-0.37273
0.24974	-0.15786
0.19625	0.15617
0.1555	0.34942
0.10838	0.4702
0.063801	0.61386
0.037057	0.72447
0.080358	0.62912
0.17205	0.44096
0.33761	0.23881
0.58214	0.21338
0.84194	0.488
1.0852	0.30873
1.28	0.58844
1.4354	0.62785
1.522	0.49435
1.5768	0.31128
1.5857	0.17142
1.5297	0.022672
1.4545	-0.024369
1.3539	-0.14642
1.2113	-0.19728
1.0801	-0.20999
0.95019	-0.30661
0.83939	-0.42231
0.75406	-0.10828
0.67128	0.015044
0.6178	0.1193
0.56049	0.035386
0.52101	-0.25576
0.48153	-0.41977
0.42804	-0.59776
0.38219	-0.3028
0.32997	0.058271
0.28285	0.3812
0.22936	0.68888
0.17205	1.0131
0.13512	0.42951
0.082905	0.61895
0.051066	0.80457
0.026869	0.057
0.045972	0.091327
0.10838	0.13583
0.25993	0.31636
0.46624	0.48927
0.72095	0.5058
0.95146	0.55919
1.1501	0.4346
1.3004	0.27949
1.4074	0.12184
1.4571	0.12565
1.4622	0.17651
1.4431	0.0036016
1.3794	-0.059967
1.2966	-0.15024
1.1833	-0.31679
1.0775	-0.27737
0.96675	-0.11845
0.86741	-0.21508
0.78081	0.10404
0.71204	-0.047254
0.66237	-0.12862
0.61907	-0.196
0.55921	-0.3117
0.50954	-0.34094
0.45605	-0.35238
0.3962	-0.10319
0.33507	0.146
0.27394	0.2922
0.21281	0.4079
0.16059	0.47147
0.11602	0.80076
0.062528	0.79186
0.023048	-0.012926
-0.0011495	0.37103
-0.016432	0.31255
0.030689	0.38883
0.14531	0.38374
0.31342	0.38374
0.54266	0.47274
0.78081	0.3189
0.98458	0.22482
1.154	0.082427
1.2724	-0.05361
1.3488	-0.16676
1.3819	-0.34094
1.3845	-0.53419
1.3488	-0.29136
1.2826	-0.14896
1.1845	0.095141
1.0839	0.02013
0.96929	-0.10319
0.87123	-0.19346
0.78845	-0.41595
0.72095	-0.29899
0.6611	-0.34476
0.60888	-0.11591
0.56303	0.23372
0.51336	0.4257
0.46752	0.52105
0.40639	0.5147
0.35417	0.60624
0.29686	0.59606
0.2421	0.58971
0.17333	0.25661
0.14149	0.33162
0.099461	0.48927
0.057434	0.65073
0.048519	0.48037
0.045972	0.15108
0.093093	0.032843
0.20134	0.13455
0.36563	-0.09938
0.56813	-0.11845
0.78336	-0.19728
0.99222	-0.33586
1.1501	-0.29899
1.2737	-0.25322
1.3373	-0.11337
1.3756	-0.14006
1.3756	-0.22525
1.3463	-0.32569
1.2762	-0.51385
1.2011	-0.47444
1.0979	-0.066324
0.99349	0.48418
0.89161	0.87195
0.81137	0.87831
0.73878	0.57445
0.67638	0.32272
0.62289	0.24008
0.55794	0.19812
0.50445	0.17142
0.44714	0.29093
0.3911	0.38374
0.3478	0.4346
0.29941	0.48927
0.25229	0.37866
0.22554	0.23881
0.19498	0.24135
0.14531	0.18795
0.13385	0.19558
0.11092	0.064628
0.099461	-0.10701
0.14149	-0.24559
0.24974	-0.30916
0.4153	-0.32314
0.62544	-0.22016
0.84576	-0.015469
1.0457	-0.014198
1.2164	0.29856
1.3386	-0.085395
1.4367	-0.38417
1.4851	-0.46427
1.4991	-0.2939
1.4851	-0.10319
1.4367	-0.16931
1.3526	-0.24305
1.2584	0.034115
1.1501	0.37357
1.0419	0.57191
0.95783	0.6698
0.86996	0.49308
0.79354	0.65963
0.72095	0.68633
0.64454	0.14345
0.57577	0.16507
0.51209	0.24644
0.42804	0.33289
0.36563	0.4613
0.31087	0.45367
0.24847	0.35069
0.19752	0.34433
0.14913	0.23754
0.10455	0.25788
0.071443	0.22609
0.039604	0.062085
0.021774	-0.029454
0.017954	-0.23033
0.024321	-0.44901
0.099461	-0.47189
0.22427	-0.47444
0.41021	-0.0078408
0.62289	-0.089209
0.83939	-0.10828
1.033	-0.31297
1.196	-0.3918
1.3055	-0.19346
1.3921	0.078613
1.4367	0.070985
1.4443	0.097684
1.4227	0.14472
1.3526	0.34433
1.2469	0.55157
1.1374	0.59225
1.0202	0.43206
0.90816	0.53377
0.80883	0.39773
0.72732	0.22864
0.64454	0.21211
0.59232	0.37484
0.51973	0.41934
0.46242	0.48291
0.40766	0.50198
0.3529	0.3367
0.30323	0.074799
0.26502	0.054457
0.22045	0.12438
0.16314	0.18032
0.13512	0.050643
0.11092	-0.026912
0.085452	-0.06251
0.067622	-0.20618
0.053613	-0.2138
0.059981	-0.13116
0.086725	-0.059967
0.14913	-0.058696
0.26375	-0.09938
0.44714	-0.13116
0.63945	-0.22525
0.84958	-0.22652
1.0253	-0.13244
1.1807	-0.0078408
1.2864	0.0023302
1.3463	0.15871
1.3947	0.38629
1.387	0.56428
1.3628	0.57318
1.2877	0.46893
1.1871	0.4346
1.0699	0.25661
0.96165	0.19812
0.85977	0.20321
0.77062	0.23754
0.68657	0.49563
0.62162	0.4969
0.56813	0.50834
0.51718	0.50707
0.46242	0.39646
0.41275	0.35959
0.35417	0.17778
0.30832	-0.0040267
0.26502	-0.058696
0.21281	-0.026912
0.18351	-0.11209
0.13512	-0.18711
0.1071	-0.28627
0.087999	-0.30026
0.081631	-0.25576
0.061254	-0.059967
0.057434	-0.080309
0.049792	-0.16803
0.03833	-0.27102
0.043425	-0.20236
0.047245	-0.16931
0.057434	-0.2049
0.10583	-0.34857
0.21281	-0.15024
0.37455	0.29983
0.58978	0.52995
0.83302	0.76516
1.0775	0.8567
1.2724	0.57445
1.4329	0.50071
1.5322	0.24135
1.6188	0.26423
1.6366	0.31255
1.6303	0.37357
1.5882	0.50325
1.5169	0.41426
1.3998	0.38756
1.2762	0.19812
1.1552	0.054457
1.0342	0.09387
0.92599	0.023944
0.84958	-0.11082
0.7426	-0.18583
0.6611	-0.25067
0.58341	-0.25576
0.52737	-0.18456
0.46115	-0.12226
0.39238	-0.080309
0.3478	-0.068867
0.28795	-0.18838
0.25101	-0.33459
0.20771	-0.2583
0.17842	-0.10319
0.14149	0.0074157
0.12366	0.31255
0.11984	0.71939
0.10455	0.55792
0.089272	0.44223
0.085452	0.15998
0.066349	0.36594
0.05616	0.10658
0.051066	0.20957
0.023048	0.29856
0.024321	0.33543
0.031963	0.37993
0.094367	0.52232
0.2179	0.53122
0.40257	0.41426
0.61525	0.27568
0.84067	0.096412
1.047	0.0061443
1.2113	-0.14388
1.3501	-0.14769
1.4367	-0.26593
1.5106	-0.33713
1.536	-0.36001
1.5156	-0.20872
1.48	-0.07141
1.3896	-0.075224
1.2877	-0.098109
1.1833	-0.2227
1.0775	-0.4452
0.9833	-0.56216
0.8967	-0.2227
0.82793	-0.020555
0.75661	0.16634
0.69548	0.34942
0.63562	0.81347
0.57577	1.1974
0.51336	0.59861
0.45096	0.073527
0.39238	0.09387
0.34526	0.21974
0.29177	0.069713
0.24974	0.29602
0.21917	0.399
0.18988	0.45494
0.16951	0.4613
0.16569	0.48164
0.14531	0.41044
0.13894	0.32399
0.12621	0.17397
0.12111	0.054457
0.13512	0.025215
0.18606	-0.10192
0.3096	-0.13116
0.47261	-0.20109
0.69039	-0.16041
0.9209	-0.17693
1.1234	-0.20363
1.3068	-0.2316
1.4367	-0.051068
1.522	-0.22143
1.5844	-0.23033
1.5972	-0.34221
1.5895	-0.39561
1.5347	-0.2583
1.4469	-0.035811
1.3348	0.10023
1.2125	0.26296
1.0979	0.46511
0.98203	0.83127
0.89925	0.85415
0.80501	0.32399
0.71713	0.13964
0.64072	0.21974
0.57704	0.10023
0.49936	0.23626
0.42931	0.31
0.36436	0.39392
0.29941	0.40663
0.23191	0.39264
0.18351	0.49308
0.1555	0.46003
0.10455	0.29348
0.07399	0.17778
0.05234	0.086241
0.040878	0.0036016
0.03451	-0.13371
