0.8776	0.034115
0.81647	-0.018012
0.75279	-0.042168
0.70567	-0.0065694
0.65473	0.015044
0.60506	0.021401
0.56049	0.055728
0.51846	0.07607
0.47516	0.030301
0.42294	0.08497
0.37709	0.17397
0.31978	0.21338
0.27266	0.21846
0.22936	0.24898
0.18351	0.24135
0.14658	0.18668
0.11856	0.11421
0.090546	0.0099585
0.065075	-0.023097
0.058707	-0.03454
0.085452	-0.12099
0.16186	-0.11082
0.28158	-0.12481
0.42549	-0.15024
0.58341	-0.23415
0.73751	-0.39561
0.86868	-0.56089
0.96802	-0.50114
1.0304	-0.35493
1.0865	-0.25067
1.1158	-0.14134
1.1285	-0.02564
1.1196	0.063356
1.0928	0.1104
1.0508	0.24008
0.98712	0.44731
0.93618	0.49054
0.88524	0.3723
0.83939	0.40409
0.80246	0.37866
0.76425	0.31636
0.73241	0.36086
0.69676	0.33416
0.65728	0.31128
0.61652	0.25915
0.57195	0.19812
0.51973	0.20321
0.47388	0.15998
0.41912	0.0086871
0.372	-0.073953
0.32997	-0.043439
0.28285	-0.14769
0.25483	-0.25322
0.20517	-0.4007
0.1746	-0.41468
0.15168	-0.41341
0.14913	-0.50241
0.19243	-0.54691
0.27521	-0.41341
0.39238	-0.36256
0.53247	-0.25067
0.6802	0.015044
0.81265	0.022672
0.91963	0.044286
0.99731	0.19049
1.0546	0.32018
1.0966	0.35323
1.1221	0.39137
1.1285	0.46638
1.1081	0.58844
1.0916	0.50198
1.0393	0.38629
0.98712	0.3634
0.93618	0.40536
0.87378	0.33925
0.8292	0.30238
0.77062	0.26296
0.73114	0.16125
0.69166	-0.028183
0.64836	-0.082852
0.60124	-0.11464
0.56176	-0.20745
0.51591	-0.27102
0.4637	-0.27737
0.41785	-0.29136
0.36691	-0.3829
0.31724	-0.51004
0.27521	-0.52021
0.24082	-0.48715
0.20899	-0.35238
0.18351	-0.2316
0.18224	-0.12989
0.22809	-0.067596
0.3045	0.041743
0.42422	0.13201
0.55921	0.27186
0.71076	0.4079
0.84194	0.46384
0.95146	0.43333
1.0355	0.5325
1.0916	0.59861
1.1272	0.40917
1.1399	0.42697
1.1259	0.41044
1.0941	0.29348
1.0419	0.35577
0.98203	0.23754
0.9209	0.30238
0.85468	0.17142
0.79864	-0.049796
0.74133	-0.13116
0.69166	-0.18075
0.6369	-0.23415
0.59105	-0.23669
0.54393	-0.41087
0.50445	-0.44011
0.45478	-0.42994
0.40511	-0.36891
0.35799	-0.41468
0.31087	-0.37654
0.26884	-0.2405
0.22172	-0.18202
0.18734	-0.12226
0.14531	-0.10701
0.1122	-0.028183
0.094367	0.12565
0.11092	0.31382
0.17078	0.38883
0.27648	0.36722
0.4204	0.47528
0.57959	0.49563
0.7426	0.62403
0.86996	0.58335
0.97312	0.36722
1.0483	0.32907
1.103	0.23372
1.131	0.39519
1.1259	0.39773
1.117	0.32272
1.0725	0.18541
1.0202	0.060814
0.95529	0.021401
0.88524	-0.011655
0.82666	-0.066324
0.77062	-0.16422
0.72095	-0.23542
0.67638	-0.30407
0.6369	-0.33459
0.5936	-0.40833
0.54902	-0.4363
0.507	-0.50749
0.46242	-0.47571
0.4153	-0.34603
0.37073	-0.25576
0.32361	-0.2316
0.2803	-0.12862
0.23828	0.013773
0.20517	0.17524
0.17715	0.3456
0.19243	0.52741
0.23955	0.42189
0.34144	0.3901
0.47643	0.44731
0.63053	0.64438
0.78336	0.64438
0.91581	0.60878
1.0164	0.5147
1.0979	0.28839
1.1412	0.24262
1.1629	0.29093
1.1578	0.28203
1.1412	0.26678
1.0979	0.070985
1.0419	-0.15786
0.97694	-0.19473
0.90944	-0.22906
0.83048	-0.23669
0.78845	-0.38925
0.73114	-0.45409
0.69039	-0.50114
0.65091	-0.36891
0.61525	-0.41214
0.58341	-0.39815
0.53756	-0.26593
0.5019	-0.25322
0.45478	-0.16422
0.41148	-0.066324
0.36436	0.064628
0.32106	0.17651
0.27521	0.31763
0.2421	0.44858
0.21663	0.47655
0.20771	0.44096
0.23828	0.46003
0.31342	0.55284
0.43695	0.4702
0.57322	0.45748
0.72477	0.40536
0.84703	0.37484
0.94382	0.3456
1.0151	0.22482
1.0546	0.17015
1.0699	0.14854
1.0635	0.11548
1.0419	0.029029
0.99477	-0.070138
0.94128	-0.19473
0.8776	-0.3028
0.8101	-0.37146
0.74642	-0.4452
0.68402	-0.21508
0.63945	-0.42612
0.59742	-0.49732
0.56685	-0.38163
0.52483	-0.25703
0.4828	-0.16549
0.45351	-0.11337
0.41275	-0.10447
0.37327	-0.054882
0.33507	0.081156
0.29813	0.32653
0.2612	0.46638
0.24082	0.4969
0.21663	0.49308
0.20262	0.39773
0.19116	0.49563
0.20517	0.51851
0.26502	0.51088
0.35799	0.40409
0.47261	0.31382
0.60888	0.33416
0.73751	0.27822
0.84958	0.22736
0.94255	0.21719
0.98967	0.10785
1.0151	-0.011655
1.0202	-0.19219
1.0075	-0.23542
0.97057	-0.26593
0.91453	-0.36256
0.86614	-0.39307
0.80883	-0.44647
0.75406	-0.44392
0.71076	-0.52529
0.6751	-0.41468
0.64963	-0.25957
0.62416	-0.18075
0.59997	-0.10701
0.58468	-0.066324
0.56049	0.01123
0.53247	0.13328
0.51336	0.24389
0.47898	0.42951
0.45733	0.48291
0.42422	0.51597
0.40129	0.58462
0.372	0.48673
0.3478	0.44223
0.33379	0.50198
0.32488	0.41426
0.35417	0.33162
0.40639	0.35577
0.51464	0.27568
0.6369	0.25915
0.75534	0.26169
0.8585	0.088784
0.94	-0.093023
0.99094	-0.17566
1.0177	-0.16676
1.0253	-0.23669
1.0113	-0.33967
0.97694	-0.37908
0.93364	-0.48842
0.87505	-0.55326
0.82284	-0.48588
0.76807	-0.40833
0.71204	-0.31424
0.6751	-0.24559
0.64072	-0.15278
0.6127	-0.093023
0.59742	0.0086871
0.57067	0.15617
0.55794	0.2922
0.53501	0.43587
0.51336	0.42697
0.49426	0.43587
0.47388	0.488
0.44841	0.5058
0.43186	0.4702
0.41148	0.44731
0.3962	0.40154
0.38346	0.35832
0.37327	0.31
0.372	0.29729
0.4204	0.27441
0.49681	0.23118
0.60379	0.11421
0.72987	0.026486
0.82793	0.0036016
0.91071	-0.11337
0.95783	-0.29517
0.98712	-0.34094
0.99094	-0.36001
0.97184	-0.4452
0.94637	-0.38925
0.91198	-0.45918
0.84449	-0.57615
0.79737	-0.41977
0.74388	-0.30407
0.69421	-0.2138
0.66364	-0.11337
0.64072	-0.066324
0.62416	0.021401
0.61143	0.13583
0.60379	0.28712
0.59742	0.49817
0.58723	0.60369
0.57449	0.45621
0.56303	0.42443
0.54266	0.50071
0.52228	0.46766
0.49936	0.46511
0.47388	0.41553
0.45351	0.35196
0.43058	0.29348
0.42167	0.26932
0.42676	0.23499
0.46879	0.19177
0.5452	0.10913
0.64963	-0.02564
0.76171	-0.18965
0.86486	-0.28119
0.94255	-0.33713
0.98712	-0.33077
1.0177	-0.39943
1.0139	-0.43884
1.0037	-0.43884
0.96802	-0.52529
0.92472	-0.59395
0.86741	-0.40324
0.81902	-0.23542
0.76935	-0.17439
0.73114	-0.05361
0.69676	0.032843
0.67765	0.15235
0.67001	0.31
0.6611	0.46384
0.65091	0.48164
0.65091	0.43079
0.63435	0.45748
0.62162	0.57827
0.60888	0.50707
0.59614	0.47655
0.57704	0.43587
0.56303	0.3011
0.53374	0.23626
0.51846	0.22355
0.49553	0.146
0.49936	0.091327
0.51973	-0.058696
0.57959	-0.18456
0.6611	-0.23415
0.76171	-0.29644
0.85213	-0.31551
0.93618	-0.36764
0.9884	-0.38417
1.0151	-0.4363
1.019	-0.4185
1.01	-0.37273
0.97566	-0.29644
0.93746	-0.23542
0.88397	-0.15659
0.8292	-0.024369
0.77826	0.0481
0.73241	0.095141
0.70312	0.1371
0.68147	0.25661
0.67001	0.34942
0.6611	0.42316
0.64963	0.37357
0.63945	0.488
0.63435	0.51342
0.62034	0.45876
0.60379	0.3545
0.59105	0.29602
0.57067	0.26423
0.55157	0.30746
0.53884	0.21974
0.51209	0.17524
0.49808	0.15998
0.49553	0.062085
0.52865	-0.035811
0.58341	-0.12608
0.67256	-0.16168
0.77189	-0.26085
0.86104	-0.3651
0.93364	-0.43121
0.98712	-0.35111
1.0062	-0.44774
1.0088	-0.47571
0.98712	-0.41468
0.95656	-0.35747
0.91453	-0.27102
0.85977	-0.16549
0.80755	-0.045982
0.76043	0.070985
0.72605	0.24135
0.70567	0.38629
0.68657	0.36722
0.67893	0.33162
0.67638	0.39264
0.67128	0.42824
0.66237	0.51724
0.65728	0.54267
0.63817	0.50198
0.62416	0.39137
0.59614	0.35323
0.57704	0.28076
0.55157	0.21084
0.52865	0.18032
0.50827	0.096412
0.49299	-0.02564
0.5019	-0.14388
0.54393	-0.18075
0.61143	-0.26212
0.71204	-0.32569
0.80246	-0.3918
0.88651	-0.40451
0.9451	-0.53419
0.98458	-0.54182
0.99222	-0.4096
0.99094	-0.30407
0.98076	-0.22906
0.95019	-0.12354
0.90307	-0.085395
0.86104	0.016315
0.81774	0.098955
0.78208	0.23626
0.75789	0.38756
0.74006	0.48037
0.7235	0.51215
0.70949	0.55665
0.70312	0.57445
0.6993	0.49563
0.69039	0.4435
0.6802	0.37484
0.65855	0.37993
0.64072	0.32272
0.62416	0.24135
0.59614	0.17524
0.5694	0.19049
0.5503	0.091327
0.53501	-0.063782
0.53884	-0.21253
0.5694	-0.32187
0.62798	-0.42358
0.70949	-0.45409
0.78208	-0.41595
0.85468	-0.41977
0.89925	-0.52021
0.93364	-0.55708
0.94637	-0.39561
0.93618	-0.35366
0.91326	-0.25576
0.89033	-0.11464
0.85085	0.013773
0.81137	0.12565
0.7668	0.28585
0.73114	0.4702
0.70185	0.50707
0.68911	0.48545
0.68275	0.49308
0.67638	0.55665
0.66746	0.5058
0.66237	0.43587
0.64199	0.41553
0.63435	0.37103
0.61525	0.3189
0.59487	0.26042
0.58086	0.22736
0.55284	0.12311
0.53884	0.0010588
0.51464	-0.11082
0.49553	-0.19092
0.49299	-0.15532
0.51718	-0.23669
0.57067	-0.3028
0.64836	-0.40197
0.73114	-0.47062
0.81774	-0.38925
0.88524	-0.4274
0.93109	-0.48207
0.95529	-0.4274
0.95783	-0.28627
0.95529	-0.12608
0.92981	0.004873
0.89543	0.096412
0.86359	0.16888
0.81902	0.24898
0.78845	0.33035
0.75406	0.4435
0.73496	0.48418
0.71841	0.45876
0.70822	0.54648
0.70185	0.52614
0.69166	0.41426
0.67256	0.3634
0.65728	0.31636
0.63562	0.32145
0.61397	0.25025
0.59869	0.17142
0.56685	0.10277
0.54393	0.055728
0.52228	-0.05361
0.51209	-0.10192
0.50318	-0.11845
0.5261	-0.22143
0.57322	-0.32569
0.6369	-0.41341
0.71968	-0.47698
0.79864	-0.44265
0.86614	-0.4274
0.91453	-0.4185
0.93364	-0.4452
0.9451	-0.3117
0.94128	-0.14896
0.91581	-0.05361
0.88524	0.035386
0.84703	0.11803
0.80883	0.28203
0.77572	0.46003
0.74006	0.47655
0.72477	0.42189
0.70694	0.42061
0.69548	0.49944
0.68147	0.49563
0.67893	0.4702
0.66492	0.44986
0.65345	0.4346
0.63945	0.34052
0.6127	0.18795
0.60124	0.14727
0.58086	0.13837
0.55794	0.10023
0.53629	0.029029
0.52101	-0.10447
0.51718	-0.19728
0.5261	-0.28882
0.56303	-0.41468
0.62416	-0.4363
0.70567	-0.40705
0.77572	-0.47062
0.83685	-0.43248
0.88779	-0.44011
0.90944	-0.41214
0.91708	-0.31933
0.91326	-0.19982
0.89543	-0.11464
0.86614	-0.0052981
0.83175	0.083698
0.791	0.16761
0.75024	0.3011
0.72095	0.48545
0.69803	0.46511
0.6802	0.38374
0.66364	0.52614
0.65218	0.62276
0.63562	0.50198
0.62289	0.48164
0.59614	0.39264
0.57704	0.34433
0.55284	0.26805
0.52865	0.20957
0.507	0.21592
0.48407	0.19558
0.46115	0.11421
0.43822	-0.054882
0.42549	-0.17439
0.40639	-0.27737
0.40639	-0.28119
0.44077	-0.31933
0.48662	-0.48461
0.5694	-0.64226
0.6611	-0.52656
0.74642	-0.46808
0.80755	-0.45028
0.8534	-0.35493
0.88269	-0.19219
0.89798	-0.087938
0.89798	0.041743
0.89416	0.18414
0.8585	0.25788
0.82538	0.40154
0.80246	0.50834
0.77444	0.54012
0.75916	0.44604
0.73369	0.49435
0.73496	0.48418
0.72605	0.43841
0.71586	0.43079
0.70567	0.42189
0.69039	0.37739
0.67128	0.3189
0.64963	0.19939
0.62162	0.0086871
0.60251	-0.068867
0.57959	-0.13371
0.55921	-0.15405
0.52992	-0.24686
0.50827	-0.35111
0.4828	-0.39307
0.47261	-0.39307
0.4777	-0.47317
0.50954	-0.47317
0.56813	-0.45918
0.64072	-0.38035
0.71968	-0.27229
0.76935	-0.22143
0.82411	-0.10065
0.85722	-0.037083
0.88015	0.004873
0.87633	0.1104
0.87123	0.33797
0.84576	0.48164
0.81265	0.51088
0.77699	0.47528
0.7477	0.54267
0.72859	0.53758
0.71331	0.47528
0.70185	0.51978
0.69676	0.46003
0.69166	0.40917
0.68147	0.30238
0.66746	0.21465
0.656	0.18922
0.64072	0.11548
0.61397	0.022672
0.58341	-0.07141
0.5503	-0.19092
0.51973	-0.20109
0.49299	-0.27356
0.46115	-0.31424
0.43186	-0.40451
0.40257	-0.52529
0.37327	-0.51639
0.36818	-0.43884
0.36436	-0.4007
0.40129	-0.33586
0.46879	-0.22906
0.54648	-0.12354
0.61907	-0.031997
0.69039	0.098955
0.74515	0.23881
0.78208	0.35705
0.81137	0.48673
0.82411	0.55792
0.83302	0.4079
0.82538	0.48418
0.80883	0.57572
0.78463	0.42697
0.76298	0.41934
0.74133	0.44858
0.72095	0.38629
0.70567	0.3545
0.6993	0.22482
0.68657	0.14727
0.67893	0.12947
0.66746	0.072256
0.65091	-0.094295
0.62926	-0.19728
0.59997	-0.24559
0.57067	-0.28627
0.53247	-0.36128
0.49171	-0.39943
0.45605	-0.41468
0.43058	-0.47062
0.39874	-0.4363
0.36818	-0.33713
0.35544	-0.26085
0.33252	-0.22016
0.31851	-0.14006
0.32615	0.0023302
0.36818	0.10913
0.43568	0.24771
0.52865	0.32653
0.62544	0.35959
0.71076	0.40281
0.79354	0.3723
0.85085	0.49181
0.88651	0.67489
0.91326	0.50834
0.92345	0.4702
0.92345	0.43079
0.89925	0.30238
0.87378	0.32399
0.84958	0.23245
0.81902	0.1638
0.79991	0.13455
0.78208	0.064628
0.7668	-0.0014839
0.75406	-0.17058
0.74388	-0.21635
0.71968	-0.2939
0.69803	-0.33713
0.67638	-0.28754
0.63562	-0.35366
0.60633	-0.40324
0.57067	-0.4363
0.54138	-0.48207
0.50572	-0.41722
0.47261	-0.33077
0.44077	-0.18075
0.4153	-0.063782
0.38856	0.0392
0.36945	0.096412
0.36436	0.16634
0.36309	0.32399
0.38092	0.50961
0.42549	0.5236
0.50063	0.46638
0.59869	0.5325
0.70185	0.52995
0.78718	0.41044
0.86359	0.4346
0.9209	0.39519
0.94764	0.35832
0.97057	0.3456
0.97566	0.23754
0.96165	0.1282
0.93618	0.087513
0.90562	0.034115
0.86486	-0.094295
0.83685	-0.13244
0.79482	-0.23669
0.76807	-0.26974
0.74388	-0.3295
0.71458	-0.36001
0.69548	-0.43375
0.67893	-0.42867
0.64963	-0.42231
0.62416	-0.42231
0.5885	-0.35111
0.56431	-0.23796
0.52865	-0.13116
0.49553	-0.026912
0.46752	0.070985
0.44459	0.17524
0.41148	0.27313
0.39492	0.37484
0.38219	0.48418
0.37073	0.38883
0.36054	0.38247
0.36945	0.58844
0.38601	0.54267
0.42804	0.47783
0.50445	0.5147
0.59487	0.39519
0.69421	0.32907
0.78208	0.27186
0.85468	0.21974
0.91708	0.16507
0.9451	0.10277
0.97184	0.067171
0.96675	-0.037083
0.94892	-0.15151
0.92599	-0.28373
0.88651	-0.37146
0.84194	-0.4096
0.79991	-0.3829
0.76298	-0.4274
0.72732	-0.40578
0.70312	-0.4274
0.67256	-0.37018
0.65855	-0.29136
0.62162	-0.23033
0.59614	-0.17312
0.56431	-0.11337
0.5261	-0.037083
0.5019	0.087513
0.4637	0.22228
0.44077	0.32653
0.41148	0.48418
0.39874	0.488
0.38601	0.42443
0.37327	0.50707
0.37455	0.56682
0.36945	0.50453
0.37455	0.4969
0.39365	0.41299
0.43695	0.3278
0.50318	0.28331
0.5936	0.21338
0.7044	0.13583
0.8101	0.069713
0.89543	0.070985
0.95783	-0.042168
0.99604	-0.10574
1.0126	-0.19728
1.0304	-0.26339
1.0151	-0.35874
0.99094	-0.43375
0.95019	-0.44138
0.91071	-0.42231
0.86486	-0.41977
0.82284	-0.41595
0.77826	-0.32314
0.75024	-0.25703
0.72095	-0.15024
0.69166	-0.011655
0.67001	0.092598
0.64836	0.21592
0.62034	0.3634
0.59487	0.42697
0.57195	0.55284
0.54775	0.43714
0.52737	0.33416
0.51209	0.44096
0.49299	0.38756
0.47643	0.37739
0.46242	0.41299
0.45605	0.36722
0.44587	0.34815
0.45478	0.28839
0.46624	0.19685
0.51846	0.14727
0.59487	0.12057
0.68529	0.082427
0.78336	-0.038354
0.86614	-0.14642
0.93364	-0.24177
0.97184	-0.2316
0.98585	-0.29136
0.98712	-0.33586
0.97439	-0.34476
0.95401	-0.44392
0.91071	-0.49859
0.86996	-0.42485
0.80883	-0.34476
0.76553	-0.27483
0.72223	-0.20363
0.69548	-0.10701
0.66492	0.01123
0.64454	0.146
0.62671	0.24135
0.6178	0.30492
0.60506	0.39646
0.59232	0.54012
0.57832	0.41044
0.55794	0.42189
0.54011	0.58589
0.52483	0.4969
0.507	0.41171
0.49553	0.41299
0.48407	0.36722
0.46752	0.30746
0.45478	0.20575
0.44841	0.13583
0.45096	0.11294
0.47643	0.043014
0.52483	0.0023302
0.60633	-0.068867
0.70949	-0.25322
0.80755	-0.3117
0.9018	-0.36128
0.96675	-1.0656
1.0062	-0.54563
1.0228	-0.52148
1.0228	-0.46554
1.0062	-0.40197
0.97948	-0.3295
0.94128	-0.25067
0.89416	-0.16295
0.85213	-0.073953
0.80883	0.032843
0.77699	0.12693
0.75406	0.23626
0.74133	0.36086
0.72859	0.42316
0.71204	0.55411
0.70312	0.48545
0.68784	0.48927
0.66874	0.62658
0.65218	0.54267
0.62034	0.38374
0.59869	0.31763
0.57195	0.32526
0.54138	0.29602
0.52865	0.19939
0.507	0.146
0.48662	0.031572
0.47388	-0.058696
0.46624	-0.12862
0.47516	-0.16676
0.51973	-0.13752
0.58341	-0.16803
0.6802	-0.2761
0.78718	-0.34984
0.88269	-0.45791
0.96165	-0.51639
1.0139	-0.42485
1.0406	-0.36764
1.047	-0.31424
1.0368	-0.24686
1.0215	-0.18711
0.99477	-0.068867
0.95019	0.050643
0.90816	0.18159
0.87633	0.26423
0.8343	0.39519
0.81137	0.53377
0.79991	0.5058
0.78463	0.40281
0.77444	0.50834
0.77317	0.62531
0.75789	0.4524
0.74515	0.34942
0.71968	0.35832
0.70058	0.30873
0.66874	0.25788
0.65345	0.14981
0.6178	0.10404
0.58723	0.0099585
0.55794	-0.098109
0.52355	-0.072681
0.49936	-0.19855
0.4777	-0.21508
0.49044	-0.26974
0.51846	-0.29644
0.58596	-0.37146
0.69039	-0.40324
0.78463	-0.4363
0.88015	-0.42994
0.95274	-0.34476
1.0024	-0.2583
1.0164	-0.21253
1.0215	-0.13879
1.0062	-0.048525
0.98076	0.004873
0.93873	0.10658
0.8967	0.21338
0.84321	0.27313
0.8101	0.48037
0.77572	0.44477
0.75916	0.42951
0.73624	0.58208
0.72223	0.57827
0.71458	0.44223
0.7044	0.42951
0.69293	0.39137
0.67765	0.34687
0.6611	0.31382
0.63817	0.25788
0.61143	0.19049
0.57577	0.054457
0.54393	-0.057425
0.51082	-0.080309
0.48153	-0.2049
0.45478	-0.28373
0.42422	-0.32441
0.39874	-0.37018
0.40002	-0.36383
0.43186	-0.43502
0.50954	-0.47698
0.59869	-0.44138
0.70312	-0.37273
0.79864	-0.29772
0.86614	-0.22016
0.91708	-0.13116
0.94764	-0.020555
0.95783	0.058271
0.9451	0.14472
0.93618	0.29348
0.90562	0.41299
0.86741	0.57699
0.8343	0.40027
0.80373	0.39264
0.78208	0.57064
0.75916	0.51851
0.74515	0.45113
0.73878	0.44096
0.73624	0.37484
0.7235	0.28712
0.70949	0.17651
0.69166	0.17905
0.66492	0.12565
0.63945	0.077342
0.6127	-0.031997
0.57449	-0.10447
0.52992	-0.13244
0.49553	-0.10701
0.45605	-0.13879
0.42167	-0.25067
0.37964	-0.3829
0.35799	-0.45028
0.3529	-0.41468
0.3962	-0.35238
0.47006	-0.29517
0.57704	-0.26466
0.69548	-0.21635
0.80246	-0.14515
0.8967	-0.076495
0.95019	0.017587
0.99604	0.10785
1.0202	0.22101
1.0292	0.3456
1.019	0.41553
0.99604	0.41807
0.95911	0.29093
0.93618	0.35832
0.90052	0.4524
0.86486	0.41934
0.83685	0.38629
0.82411	0.38502
0.80501	0.3545
0.78972	0.33289
0.77826	0.28331
0.76298	0.21211
0.74897	0.10913
0.71968	0.044286
0.69293	-0.0091122
0.65982	-0.068867
0.62034	-0.15024
0.57959	-0.14515
0.54011	-0.19346
0.49681	-0.26212
0.45988	-0.35238
0.44205	-0.51258
0.44714	-0.56852
0.5019	-0.46299
0.59487	-0.32187
0.70185	-0.25576
0.81774	-0.20363
0.92345	-0.13879
0.99986	-0.011655
1.0546	0.1015
1.0928	0.23118
1.1208	0.33289
1.1272	0.47147
1.1132	0.51724
1.0903	0.36976
1.0533	0.38374
1.0151	0.53504
0.97439	0.37484
0.94382	0.32018
0.91581	0.39264
0.88779	0.3367
0.86359	0.32399
0.83302	0.25788
0.80883	0.18159
0.7668	0.1193
0.73624	0.11675
0.69293	0.11675
0.65091	0.043014
0.59614	-0.12481
0.54138	-0.21762
0.48917	-0.24432
0.43058	-0.35111
0.38728	-0.39943
0.37073	-0.45409
0.39365	-0.44392
0.46115	-0.39688
0.55157	-0.38798
0.66364	-0.35111
0.76935	-0.29517
0.86486	-0.15786
0.93618	-0.072681
0.99222	-0.0014839
1.0164	0.12947
1.0241	0.25152
1.0177	0.32653
0.99859	0.46893
0.96547	0.50198
0.92217	0.41553
0.88397	0.50707
0.84831	0.63166
0.82538	0.4702
0.80119	0.4079
0.76553	0.38883
0.73878	0.35959
0.7044	0.33543
0.67638	0.26296
0.63817	0.12947
0.5885	0.069713
0.55157	0.0036016
0.49808	-0.077767
0.44587	-0.19092
0.3911	-0.35366
0.33889	-0.48461
0.29813	-0.44392
0.27139	-0.39307
0.27648	-0.39815
0.32615	-0.41468
0.4153	-0.45155
0.53374	-0.37527
0.64963	-0.2672
0.76043	-0.16041
0.84958	-0.0027553
0.92472	0.050643
0.9642	0.11675
0.99094	0.20702
1.0024	0.31636
0.99604	0.44096
0.97057	0.47147
0.92981	0.35705
0.89033	0.48164
0.85213	0.55411
0.81265	0.41171
0.77444	0.41044
0.74515	0.39519
0.71968	0.32907
0.68784	0.29856
0.6611	0.22228
0.63053	0.18668
0.59232	0.16634
0.54775	0.14091
0.507	0.054457
0.46497	-0.0040267
0.41657	-0.095566
0.36691	-0.19473
0.32361	-0.29136
0.28413	-0.2939
0.24719	-0.3206
0.24337	-0.41087
0.27776	-0.48334
0.34653	-0.43502
0.45988	-0.41341
0.58214	-0.35238
0.71458	-0.27737
0.82284	-0.14006
0.90816	-0.040897
0.97694	0.046828
1.019	0.11675
1.047	0.26296
1.0559	0.41044
1.0381	0.56682
1.0164	0.40409
0.98076	0.3011
0.93109	0.488
0.88779	0.52105
0.85595	0.42061
0.81137	0.44604
0.78081	0.42316
0.73878	0.4257
0.71076	0.31
0.67128	0.1727
0.6318	0.11548
0.57704	0.14727
0.52865	0.10277
0.47516	-0.029454
0.41912	-0.11845
0.35926	-0.196
0.30578	-0.2405
0.25993	-0.29517
0.2179	-0.374
0.18097	-0.4452
0.14658	-0.42358
0.12238	-0.42231
0.12111	-0.41595
0.15295	-0.39561
0.23573	-0.31551
0.34653	-0.25576
0.4828	-0.10192
0.61907	0.045557
0.74388	0.19558
0.85722	0.3367
0.94128	0.3901
0.99477	0.44604
1.0457	0.43206
1.0597	0.30238
1.061	0.38756
1.0292	0.60115
0.9884	0.52995
0.93746	0.488
0.88779	0.42824
0.84449	0.3367
0.80501	0.25661
0.75789	0.19558
0.71713	0.17651
0.68402	0.1193
0.63562	0.027758
0.59105	-0.049796
0.54266	-0.12226
0.4828	-0.18838
0.42167	-0.18711
0.36563	-0.27102
0.3045	-0.4185
0.24974	-0.50368
0.19752	-0.54436
0.14658	-0.54563
0.10328	-0.46935
0.067622	-0.4185
0.035783	-0.33331
0.0077653	-0.19473
-0.012611	-0.048525
0.00012402	0.086241
0.049792	0.20829
0.14913	0.35959
0.29559	0.53885
0.45605	0.65836
0.62416	0.40536
0.76935	0.33797
0.90689	0.58081
1.0088	0.53758
1.0814	0.4346
1.1298	0.44858
1.1501	0.39137
1.1438	0.35832
1.1221	0.25279
1.0737	0.17015
1.0317	0.10404
0.96802	0.063356
0.90689	-0.03454
0.85468	-0.10828
0.79609	-0.12735
0.73496	-0.12099
0.68402	-0.048525
0.63053	-0.19092
0.57704	-0.31806
0.51846	-0.41977
0.4637	-0.50495
0.40384	-0.41722
0.34398	-0.31933
0.29431	-0.28119
0.24465	-0.30789
0.19498	-0.22525
0.16059	-0.10955
0.12493	-0.058696
0.10073	-0.011655
0.080358	0.13074
0.063801	0.30238
0.059981	0.42697
0.063801	0.50834
0.090546	0.44223
0.16441	0.40409
0.27012	0.49563
0.4153	0.50453
0.56558	0.45367
0.71586	0.38247
0.83685	0.34433
0.92727	0.32018
1.01	0.20194
1.0597	0.12693
1.0903	0.11675
1.0954	0.060814
1.0763	0.035386
1.033	-0.14515
0.98203	-0.17312
0.92217	-0.22652
0.86486	-0.31933
0.80373	-0.43121
0.74133	-0.48588
0.69803	-0.52656
0.64581	-0.47189
0.58978	-0.374
0.54011	-0.3206
0.49553	-0.27102
0.44332	-0.18202
0.40257	-0.058696
0.3478	0.044286
0.30323	0.13455
0.27648	0.25025
0.23573	0.37357
0.20389	0.5236
0.17078	0.40154
0.16696	0.3545
0.15677	0.55538
0.15422	0.51851
0.14531	0.36594
0.14658	0.42443
0.17715	0.40917
0.237	0.38247
0.33634	0.34687
0.46624	0.25279
0.60888	0.18159
0.75279	0.1193
0.86868	0.025215
0.96802	-0.075224
1.0368	-0.17185
1.0916	-0.28246
1.0928	-0.29009
1.0979	-0.30026
1.0686	-0.43502
1.0355	-0.52021
0.97184	-0.59013
0.90562	-0.52783
0.84194	-0.45537
0.78208	-0.36891
0.72477	-0.19346
0.67765	-0.06251
0.64072	0.051914
0.5936	0.20575
0.5694	0.38883
0.54266	0.55792
0.51082	0.57699
0.48025	0.39646
0.45096	0.37739
0.42931	0.5414
0.41148	0.55792
0.3911	0.51088
0.372	0.46638
0.36309	0.39773
0.34908	0.35323
0.33507	0.31636
0.33634	0.26805
0.33379	0.10531
0.34526	-0.061239
0.39492	-0.11972
0.47261	-0.19473
0.57067	-0.25195
0.68784	-0.39561
0.7859	-0.53292
0.86359	-0.54055
0.92345	-0.53165
0.96675	-0.46681
1.0024	-0.40833
1.005	-0.31043
0.99349	-0.23669
0.96929	-0.13879
0.92727	-0.07141
0.88269	0.1015
0.84831	0.19558
0.80628	0.27949
0.76807	0.40027
0.74897	0.51342
0.7235	0.46384
0.70567	0.44986
0.69548	0.63039
0.6802	0.52995
0.65728	0.42443
0.6318	0.33035
0.61015	0.3545
0.57067	0.35323
0.53756	0.28458
0.51209	0.19685
0.48535	0.11803
0.45733	0.050643
0.42167	-0.061239
0.39492	-0.10955
0.38092	-0.20872
0.36181	-0.29899
0.36945	-0.3829
0.40511	-0.42994
0.48153	-0.49478
0.5694	-0.53801
0.66237	-0.49096
0.75661	-0.4452
0.82538	-0.37527
0.86868	-0.26593
0.90052	-0.11845
0.90562	-0.031997
0.90816	0.065899
0.90052	0.14472
0.87633	0.27186
0.84958	0.47274
0.81647	0.56682
0.791	0.45748
0.76171	0.51342
0.75152	0.73592
0.73114	0.47147
0.71713	0.45367
0.70567	0.42697
0.68529	0.35577
0.66492	0.32907
0.64199	0.22991
0.6178	0.15998
0.59232	0.073527
0.55412	-0.067596
0.52737	-0.17821
0.49553	-0.23287
0.45988	-0.27229
0.4344	-0.3295
0.40639	-0.40324
0.37582	-0.48461
0.35035	-0.57488
0.33761	-0.56343
0.36436	-0.46681
0.40511	-0.42485
0.48917	-0.35366
0.58978	-0.25195
0.69803	-0.15278
0.791	-0.014198
0.85595	0.10023
0.90944	0.24516
0.9451	0.44223
0.96547	0.61005
0.97439	0.4524
0.97694	0.39773
0.95783	0.58081
0.93109	0.50198
0.90434	0.34687
0.8725	0.42824
0.84831	0.35323
0.8292	0.33416
0.81902	0.27949
0.79609	0.22736
0.7859	0.079884
0.76298	0.026486
0.73751	0.023944
0.71076	-0.043439
0.67893	-0.095566
0.63562	-0.086666
0.60379	-0.23923
0.56176	-0.33204
0.5261	-0.42358
0.49044	-0.47825
0.45988	-0.52275
0.43313	-0.44901
0.41403	-0.40833
0.41148	-0.37146
0.43695	-0.31297
0.49426	-0.2672
0.57577	-0.20872
0.68529	-0.14006
0.77826	-0.037083
0.8534	0.07607
0.91198	0.1727
0.9451	0.26805
0.96165	0.41934
0.97057	0.51978
0.95529	0.42824
0.93873	0.48545
0.90307	0.58462
0.86232	0.48037
0.83048	0.41299
0.78972	0.41553
0.76043	0.34942
0.74133	0.29856
0.72477	0.24771
0.71331	0.20702
0.70058	0.15235
0.6802	0.065899
0.6611	-0.091752
0.62926	-0.20109
0.60251	-0.25957
0.56685	-0.31551
0.52992	-0.37018
0.49553	-0.44138
0.45605	-0.46299
0.42804	-0.50749
0.39238	-0.48715
0.36181	-0.40324
0.34398	-0.36256
0.34908	-0.25703
0.39365	-0.14261
0.47643	-0.042168
0.57959	0.032843
0.68275	0.15108
0.78336	0.28331
0.85468	0.46511
0.91326	0.48164
0.94	0.40663
0.96038	0.50834
0.95529	0.61895
0.94637	0.38883
0.91963	0.36086
0.88906	0.37357
0.84958	0.31255
0.82411	0.30238
0.79737	0.26678
0.76807	0.19177
0.75789	0.082427
0.75152	0.063356
0.74133	0.0074157
0.72477	-0.042168
0.6993	-0.14261
0.66874	-0.25703
0.63945	-0.25576
0.60379	-0.31424
0.5694	-0.40324
0.53629	-0.52021
0.49299	-0.55326
0.45988	-0.50114
0.43313	-0.40451
0.40257	-0.3473
0.38474	-0.2316
0.38856	-0.098109
0.42167	-0.030726
0.49299	0.030301
0.59487	0.13455
0.70312	0.26932
0.80246	0.4168
0.88906	0.49308
0.95401	0.3545
0.98712	0.22228
1.0075	0.36086
1.0113	0.50834
0.99222	0.36594
0.96165	0.36976
0.93109	0.36976
0.88779	0.33035
0.85977	0.29602
0.82793	0.19049
0.80119	0.12565
0.79354	0.082427
0.77572	0.08497
0.75661	0.046828
0.7477	-0.07141
0.72223	-0.15024
0.69548	-0.30153
0.66237	-0.29009
0.6318	-0.33331
0.59997	-0.44392
0.5694	-0.5914
0.53374	-0.51766
0.49553	-0.40324
0.46497	-0.29136
0.44587	-0.24177
0.4204	-0.19855
0.4395	-0.098109
0.45988	0.023944
0.5261	0.14218
0.62416	0.21338
0.73241	0.32653
0.8292	0.46384
0.91326	0.44858
0.97057	0.34052
0.99731	0.44986
1.0037	0.60878
1.0126	0.42443
0.99986	0.34815
0.97439	0.33797
0.92599	0.31509
0.88524	0.29983
0.85468	0.27313
0.81774	0.14727
0.78463	0.044286
0.77699	0.012501
0.73751	0.0074157
0.72223	-0.087938
0.69803	-0.14515
0.67001	-0.25195
0.63945	-0.33331
0.60888	-0.38544
0.56176	-0.39688
0.52992	-0.46808
0.49299	-0.48969
0.45988	-0.44011
0.4153	-0.33713
0.38728	-0.25067
0.35544	-0.16295
0.33379	-0.096837
0.32361	-0.048525
0.33761	-0.018012
0.38474	0.11421
0.4637	0.28331
0.57577	0.43968
0.69803	0.57191
0.79354	0.399
0.88269	0.37866
0.93618	0.46893
0.97821	0.46893
0.98203	0.36722
0.97821	0.36213
0.96675	0.33543
0.94	0.32907
0.90434	0.26932
0.86614	0.20575
0.84067	0.1015
0.8152	-0.0091122
0.79354	-0.043439
0.77317	-0.051068
0.75789	-0.06251
0.74133	-0.17948
0.71841	-0.3206
0.68911	-0.46172
0.65091	-0.47825
0.62926	-0.49478
0.59487	-0.41468
0.55921	-0.43884
0.52865	-0.42231
0.49426	-0.36256
0.45733	-0.21126
0.44077	-0.093023
0.41785	0.004873
0.40639	0.1104
0.41912	0.21974
0.46624	0.38502
0.5452	0.5414
0.65728	0.45876
0.77317	0.38629
0.8725	0.50071
0.96675	0.59098
1.0253	0.41299
1.0686	0.42316
1.0788	0.39646
1.0788	0.31636
1.0508	0.30746
1.0253	0.21084
0.9833	0.13964
0.94382	0.096412
0.90307	0.058271
0.8776	-0.039625
0.84958	-0.13371
0.82411	-0.21253
0.79737	-0.3028
0.77699	-0.30407
0.74897	-0.34476
0.70949	-0.40324
0.6751	-0.47444
0.63435	-0.43884
0.60379	-0.41087
0.56176	-0.3473
0.52355	-0.2583
0.48662	-0.15659
0.45223	-0.077767
0.43058	0.022672
0.41148	0.16507
0.3911	0.27313
0.3962	0.35577
0.4344	0.40281
0.5019	0.41934
0.60379	0.35196
0.71076	0.4435
0.82284	0.62403
0.90562	0.47401
0.97184	0.42951
1.0177	0.39264
1.0304	0.36213
1.0368	0.2922
1.0253	0.21592
0.99731	0.1549
0.96675	0.091327
0.92472	-0.10574
0.88142	-0.0052981
0.8534	-0.066324
0.82793	-0.14388
0.80501	-0.31806
0.78463	-0.49096
0.76425	-0.57488
0.73878	-0.95248
0.70694	-0.46045
0.67893	-0.45028
0.64963	-0.36256
0.61652	-0.35111
0.57322	-0.30534
0.53374	-0.19473
0.49553	-0.026912
0.45605	0.12311
0.42167	0.25406
0.3962	0.38247
0.37709	0.488
0.37073	0.5325
0.37964	0.39773
0.42549	0.42951
0.48789	0.63548
0.60506	0.50071
0.71076	0.36467
0.81774	0.38629
0.91071	0.34433
0.96802	0.3011
1.0126	0.20957
1.0393	0.086241
1.0483	0.043014
1.0393	0.034115
1.0126	0.016315
0.96929	-0.049796
0.92727	-0.15151
0.88906	-0.2316
0.85213	-0.27864
0.82029	-0.4096
0.79482	-0.47189
0.78081	-0.53801
0.7477	-0.43375
0.73114	-0.36383
0.70058	-0.3206
0.6751	-0.24432
0.64454	-0.12608
0.61015	-0.066324
0.57577	0.029029
0.53884	0.13583
0.51209	0.27441
0.47898	0.39137
0.45605	0.49944
0.43695	0.3812
0.42549	0.37357
0.4204	0.51597
0.44587	0.49308
0.50572	0.42697
0.57832	0.42061
0.68657	0.36086
0.80501	0.32018
0.90562	0.26678
0.9833	0.22101
1.0355	0.12565
1.075	0.11548
1.0992	0.11421
1.0954	0.035386
1.0839	-0.077767
1.0584	-0.20109
1.0075	-0.34476
0.96802	-0.45664
0.92727	-0.46554
0.89033	-0.39561
0.84576	-0.38035
0.81265	-0.39434
0.78972	-0.40833
0.7477	-0.37273
0.71331	-0.26339
0.67893	-0.14896
0.63562	-0.045982
0.5936	0.098955
0.54648	0.19812
0.51336	0.28839
0.47261	0.36594
0.44587	0.51978
0.41912	0.43841
0.3911	0.37484
0.36563	0.54267
0.35926	0.62785
0.34908	0.50071
0.37073	0.41934
0.42804	0.34052
0.51464	0.29729
0.61143	0.22228
0.7235	0.13837
0.81392	0.072256
0.89161	0.092598
0.93746	-0.084124
0.97312	-0.25195
0.97439	-0.3295
0.97566	-0.38544
0.95529	-0.43375
0.92472	-0.45537
0.88397	-0.42231
0.84067	-0.45537
0.79737	-0.42231
0.76171	-0.33204
0.72477	-0.27356
0.69803	-0.15151
0.65982	-0.038354
0.63053	0.0061443
0.58978	0.11803
0.5694	0.16507
0.53884	0.22991
0.51209	0.35705
0.48789	0.54012
0.4637	0.45621
0.43313	0.46638
0.42167	0.66472
0.39492	0.56047
0.37837	0.45113
0.36436	0.3812
0.35417	0.32145
0.36436	0.37993
0.41148	0.27313
0.49171	0.20194
0.59487	0.092598
0.70949	-0.029454
0.81774	-0.048525
0.90816	-0.066324
0.97312	-0.17566
1.0177	-0.26085
1.0381	-0.33204
1.0393	-0.3651
1.0304	-0.38798
0.99986	-0.50368
0.96547	-0.54309
0.91071	-0.4363
0.86486	-0.36764
0.81774	-0.20872
0.76298	-0.054882
0.72223	0.070985
0.69293	0.15998
0.65473	0.24644
0.62544	0.38247
0.5936	0.44604
0.57067	0.50834
0.54393	0.39773
0.51082	0.37993
0.49553	0.5058
0.47261	0.488
0.44587	0.42189
0.42549	0.4346
0.40384	0.34433
0.37964	0.26932
0.37073	0.20829
0.36945	0.17778
0.3962	0.14091
0.45478	0.054457
0.53247	-0.10828
0.6178	-0.17821
0.71204	-0.21635
0.78718	-0.25703
0.84576	-0.35874
0.88651	-0.39053
0.89925	-0.48715
0.90434	-0.56343
0.88779	-0.50622
0.85468	-0.38544
0.81774	-0.29644
0.76807	-0.17185
0.71968	-0.070138
0.67383	0.041743
0.64072	0.13583
0.60888	0.19558
0.5885	0.33543
0.57195	0.46893
0.55284	0.54775
0.54011	0.35705
0.51718	0.37993
