0.85468	-0.14388
0.791	-0.15913
0.76298	-0.16422
0.73114	-0.15405
0.71841	-0.093023
0.71331	-0.033268
0.70567	-0.049796
0.68529	-0.056153
0.67001	-0.061239
0.64836	-0.095566
0.62162	-0.10192
0.58978	-0.15278
0.55412	-0.17948
0.51718	-0.22143
0.47516	-0.21126
0.44077	-0.25067
0.39874	-0.22906
0.35417	-0.2583
0.31087	-0.30153
0.28922	-0.33713
0.33507	-0.34984
0.4586	-0.29772
0.61015	-0.25576
0.77826	-0.20999
0.93109	-0.17185
1.0635	-0.15278
1.154	-0.10192
1.2113	-0.065053
1.2355	-0.038354
1.2316	-0.015469
1.2024	0.017587
1.1616	-0.0065694
1.117	-0.010384
1.0546	-0.028183
0.98967	-0.026912
0.93236	-0.045982
0.88524	-0.084124
0.83685	-0.070138
0.80883	-0.091752
0.77572	-0.14515
0.75916	-0.18202
0.72987	-0.22779
0.70822	-0.28627
0.67256	-0.31933
0.63817	-0.33967
0.59742	-0.3918
0.56176	-0.33204
0.52228	-0.31933
0.4777	-0.2939
0.43313	-0.26847
0.39492	-0.2316
0.35544	-0.19219
0.31087	-0.15786
0.27266	-0.12735
0.25356	-0.093023
0.28413	-0.072681
0.38092	-0.049796
0.53247	-0.020555
0.68529	-0.023097
0.84449	0.013773
0.97694	0.016315
1.0763	-0.0027553
1.1336	-0.015469
1.1692	-0.010384
1.1705	-0.07141
1.1463	-0.09938
1.103	-0.12735
1.0661	-0.15532
1.0088	-0.20872
0.95146	-0.28119
0.89288	-0.33077
0.83685	-0.36891
0.79227	-0.37273
0.76043	-0.33459
0.72987	-0.33204
0.70312	-0.30789
0.6751	-0.26085
0.65091	-0.21762
0.62289	-0.16422
0.58214	-0.196
0.54775	-0.15913
0.52101	-0.12481
0.4777	-0.075224
0.44205	-0.037083
0.41148	0.0023302
0.37327	0.0086871
0.34398	-0.0014839
0.31342	-0.02564
0.2854	-0.011655
0.2612	-0.023097
0.23318	-0.05361
0.21663	-0.079038
0.24082	-0.082852
0.32615	-0.10447
0.45605	-0.16041
0.61525	-0.21508
0.76553	-0.26212
0.90689	-0.29136
1.01	-0.35238
1.0788	-0.36128
1.1132	-0.33077
1.1298	-0.32314
1.1132	-0.32441
1.0801	-0.29644
1.0317	-0.26212
0.97694	-0.23287
0.92217	-0.18965
0.86741	-0.16803
0.80373	-0.14642
0.76425	-0.10447
0.73241	-0.075224
0.71076	-0.033268
0.68275	0.0074157
0.66746	0.0099585
0.63053	0.041743
0.60251	0.0392
0.5694	0.0023302
0.53756	-0.031997
0.5019	-0.052339
0.46242	-0.0027553
0.43058	-0.059967
0.38601	-0.10192
0.35417	-0.14134
0.32743	-0.20109
0.29941	-0.2316
0.2612	-0.26593
0.23573	-0.31043
0.23064	-0.33967
0.26757	-0.36764
0.35544	-0.34094
0.4828	-0.3028
0.62798	-0.28627
0.76171	-0.25957
0.8725	-0.25576
0.94892	-0.2049
1.0024	-0.15151
1.0164	-0.17821
1.0151	-0.16041
0.9884	-0.14769
0.95401	-0.12354
0.90689	-0.072681
0.84831	0.074799
0.79482	0.081156
0.74006	-0.012926
0.69166	-0.024369
0.65855	-0.021826
0.62926	-0.030726
0.61525	0.013773
0.5885	-0.015469
0.57195	-0.067596
0.54393	-0.094295
0.52228	-0.11718
0.49553	-0.12862
0.46115	-0.17312
0.42931	-0.23542
0.40511	-0.30153
0.36945	-0.36383
0.33761	-0.36001
0.31724	-0.31424
0.29049	-0.28627
0.27139	-0.29263
0.24465	-0.28246
0.23191	-0.25957
0.2179	-0.23542
0.20644	-0.19473
0.20517	-0.17693
0.25229	-0.17312
0.36054	-0.15151
0.50063	-0.14642
0.67638	-0.070138
0.82029	-0.014198
0.94637	-0.018012
1.0406	0.0086871
1.0916	0.004873
1.1094	0.0036016
1.1017	-0.0014839
1.0826	-0.01674
1.0355	0.0023302
0.98203	-0.031997
0.9209	-0.070138
0.86104	-0.10828
0.80755	-0.14134
0.76298	-0.16931
0.73241	-0.19092
0.70058	-0.2583
0.68529	-0.3206
0.66364	-0.36256
0.65091	-0.33459
0.62416	-0.32187
0.59997	-0.29517
0.57959	-0.28754
0.55412	-0.27992
0.52101	-0.2761
0.49044	-0.24813
0.4586	-0.20109
0.42931	-0.15405
0.41021	-0.10701
0.38346	-0.086666
0.35544	-0.042168
0.32997	0.0061443
0.31724	0.0010588
0.33507	0.013773
0.40639	0.023944
0.51973	-0.0052981
0.64836	-0.0040267
0.77317	-0.0014839
0.87887	-0.045982
0.95911	-0.048525
1.0011	-0.081581
1.0151	-0.10192
0.99986	-0.14769
0.97184	-0.20236
0.93746	-0.26212
0.88142	-0.34984
0.83175	-0.40197
0.77189	-0.36891
0.72859	-0.34984
0.68529	-0.30026
0.65473	-0.27864
0.64327	-0.26847
0.62671	-0.24432
0.61652	-0.26085
0.60633	-0.23033
0.58468	-0.20109
0.57832	-0.17948
0.55539	-0.13371
0.54266	-0.048525
0.52228	0.0023302
0.49681	-0.030726
0.47261	-0.021826
0.45351	-0.0027553
0.4395	-0.0014839
0.41912	-0.015469
0.3911	0.0099585
0.372	-0.024369
0.34908	-0.035811
0.37073	-0.054882
0.44077	-0.089209
0.55284	-0.084124
0.68657	-0.13371
0.80755	-0.16931
0.91453	-0.19219
0.98712	-0.21889
1.0381	-0.23796
1.0546	-0.3028
1.0559	-0.3473
1.0228	-0.3651
0.98203	-0.31043
0.93491	-0.27992
0.8725	-0.27737
0.82411	-0.27864
0.76935	-0.26212
0.73751	-0.21508
0.70185	-0.18711
0.69293	-0.17439
0.67765	-0.13116
0.67128	-0.052339
0.65473	-0.0052981
0.64709	0.023944
0.63817	-0.00021255
0.61525	-0.029454
0.60379	-0.0078408
0.57449	-0.01674
0.5503	-0.051068
0.51846	-0.052339
0.48153	-0.06251
0.45351	-0.091752
0.41657	-0.09938
0.3911	-0.13244
0.38856	-0.16549
0.43822	-0.18583
0.52992	-0.18965
0.65728	-0.24305
0.76807	-0.27356
0.87505	-0.29772
0.9451	-0.28246
1.0011	-0.27864
1.0266	-0.2939
1.0266	-0.31679
1.0113	-0.2939
0.97694	-0.27737
0.93109	-0.25067
0.88269	-0.16168
0.83048	-0.12354
0.78208	-0.16295
0.74897	-0.14388
0.72605	-0.11209
0.70567	-0.05361
0.69548	-0.023097
0.68657	0.0086871
0.67893	0.012501
0.67001	-0.019283
0.64454	-0.031997
0.62926	-0.018012
0.60379	-0.021826
0.57832	-0.051068
0.54393	-0.068867
0.51718	-0.11464
0.49044	-0.15405
0.46242	-0.18711
0.4344	-0.20999
0.41148	-0.2672
0.3911	-0.33077
0.42804	-0.36764
0.50827	-0.41087
0.61525	-0.34476
0.73624	-0.32696
0.85213	-0.33967
0.94128	-0.30153
1.0062	-0.29644
1.0393	-0.24559
1.0521	-0.21126
1.0406	-0.093023
1.0151	-0.067596
0.98458	-0.040897
0.94128	-0.0078408
0.88779	0.029029
0.84067	0.034115
0.79864	0.018858
0.76935	-0.011655
0.74388	-0.0065694
0.72605	-0.02564
0.70567	-0.049796
0.69421	-0.080309
0.67893	-0.10447
0.65473	-0.15151
0.63053	-0.21762
0.60888	-0.2761
0.57577	-0.3117
0.55284	-0.3918
0.52101	-0.43502
0.49044	-0.38798
0.47006	-0.33204
0.4395	-0.28754
0.42549	-0.28119
0.39492	-0.26085
0.37964	-0.24686
0.36309	-0.23033
0.372	-0.18838
0.41403	-0.12226
0.51591	-0.056153
0.64581	-0.028183
0.77572	-0.0052981
0.90562	0.0061443
0.99349	0.026486
1.0661	0.026486
1.0941	0.022672
1.1107	-0.0040267
1.0966	-0.0027553
1.0686	-0.043439
1.0304	-0.075224
0.98203	-0.13752
0.92854	-0.17439
0.87887	-0.20618
0.83302	-0.25449
0.79609	-0.29899
0.76171	-0.35874
0.74642	-0.3918
0.73369	-0.36001
0.71713	-0.33713
0.68657	-0.30153
0.67383	-0.3028
0.64199	-0.2939
0.62162	-0.25195
0.58978	-0.22398
0.56685	-0.13371
0.54138	-0.089209
0.51336	-0.089209
0.49553	-0.059967
0.4777	-0.030726
0.45733	-0.033268
0.44714	0.036657
0.43058	0.017587
0.41148	0.0074157
0.40129	0.013773
0.38728	0.0086871
0.41403	-0.045982
0.47261	-0.056153
0.57832	-0.091752
0.6993	-0.11082
0.81902	-0.12862
0.91835	-0.16803
0.99477	-0.21253
1.0432	-0.32823
1.0635	-0.41087
1.0674	-0.42104
1.0533	-0.41595
1.0253	-0.3829
0.98967	-0.35238
0.92854	-0.30661
0.88269	-0.25703
0.83175	-0.21635
0.79609	-0.18838
0.76553	-0.16676
0.75152	-0.10319
0.73369	-0.024369
0.72095	-0.015469
0.71204	-0.0052981
0.69421	0.0036016
0.67256	0.023944
0.64963	0.030301
0.6178	0.036657
0.57832	0.017587
0.54902	-0.011655
0.51209	-0.058696
0.47516	-0.10828
0.44587	-0.14388
0.41403	-0.13371
0.39365	-0.17821
0.37709	-0.22016
0.36054	-0.29009
0.34016	-0.35366
0.33125	-0.35874
0.32233	-0.37273
0.30705	-0.3562
0.30832	-0.35747
0.34271	-0.32696
0.41403	-0.2939
0.52483	-0.25067
0.65473	-0.18075
0.78972	-0.12862
0.90944	-0.13371
1.0075	-0.066324
1.0674	-0.0014839
1.089	-0.0014839
1.1017	0.018858
1.0903	0.032843
1.0623	0.034115
1.033	-0.00021255
0.98203	-0.029454
0.93491	-0.037083
0.88269	-0.044711
0.83557	-0.087938
0.80246	-0.13879
0.77189	-0.18075
0.74897	-0.22143
0.72223	-0.26212
0.70694	-0.33077
0.6802	-0.35493
0.65855	-0.3918
0.62798	-0.36256
0.59232	-0.33967
0.56303	-0.3028
0.52865	-0.27102
0.49808	-0.22652
0.46497	-0.20236
0.43568	-0.16041
0.41403	-0.09938
0.39365	-0.051068
0.38601	-0.029454
0.37582	-0.0065694
0.37327	-0.0078408
0.37455	-0.023097
0.36945	-0.028183
0.36691	-0.037083
0.36054	0.023944
0.36691	-0.0065694
0.41403	-0.031997
0.50954	-0.10701
0.62798	-0.14896
0.75406	-0.17058
0.86868	-0.19982
0.96675	-0.2494
1.0342	-0.31679
1.0725	-0.33077
1.075	-0.35111
1.0661	-0.33204
1.0368	-0.32314
1.0024	-0.30534
0.95401	-0.29644
0.90689	-0.26339
0.86104	-0.24813
0.81265	-0.21253
0.77572	-0.18329
0.75789	-0.13371
0.74388	-0.098109
0.71713	0.02013
0.70058	0.035386
0.68657	0.027758
0.66492	0.0392
0.64072	0.029029
0.60888	-0.026912
0.58214	0.0010588
0.54775	-0.018012
0.53374	-0.052339
0.48407	-0.086666
0.45733	-0.10319
0.41912	-0.11591
0.40257	-0.16295
0.38092	-0.23923
0.35035	-0.30789
0.34016	-0.37273
0.32743	-0.42358
0.31469	-0.36383
0.30323	-0.28119
0.28922	-0.30661
0.28413	-0.28119
0.29431	-0.26339
0.35799	-0.25322
0.46879	-0.23669
0.60379	-0.20872
0.75789	-0.15405
0.89543	-0.12989
0.99986	-0.047254
1.075	-0.019283
1.1272	-0.0040267
1.1476	-0.021826
1.1349	-0.026912
1.1221	-0.029454
1.0865	-0.042168
1.0381	0.0023302
0.98585	0.0023302
0.91835	-0.026912
0.87378	-0.021826
0.82284	-0.05361
0.78972	-0.12226
0.77062	-0.15532
0.75024	-0.20999
0.71841	-0.24177
0.70058	-0.31933
0.6751	-0.37654
0.65218	-0.42231
0.62289	-0.34348
0.58723	-0.30534
0.54775	-0.29009
0.51718	-0.27992
0.48025	-0.24813
0.44459	-0.21508
0.40639	-0.16041
0.38346	-0.082852
0.36691	-0.082852
0.34653	-0.038354
0.33634	0.034115
0.33125	0.021401
0.33634	0.034115
0.33761	0.058271
0.32488	0.029029
0.31851	-0.0091122
0.32997	-0.057425
0.38601	-0.079038
0.49044	-0.11082
0.62798	-0.14388
0.7668	-0.18202
0.90052	-0.20999
1.0062	-0.26593
1.0788	-0.31551
1.1247	-0.36001
1.1349	-0.35747
1.1349	-0.34476
1.1043	-0.30789
1.0699	-0.28882
1.0164	-0.28882
0.96293	-0.27229
0.90944	-0.24432
0.86232	-0.20618
0.82538	-0.14515
0.78336	-0.052339
0.75916	-0.029454
0.73878	-0.01674
0.72223	-0.020555
0.70694	0.021401
0.68657	0.054457
0.6611	0.032843
0.62926	0.013773
0.5936	0.017587
0.55284	-0.028183
0.51591	-0.086666
0.47261	-0.12735
0.42549	-0.16549
0.38983	-0.18329
0.35672	-0.2494
0.3287	-0.31043
0.29304	-0.36128
0.27266	-0.37273
0.24974	-0.37018
0.23828	-0.32823
0.21917	-0.29517
0.21917	-0.27864
0.20262	-0.26339
0.22045	-0.23542
0.28922	-0.19219
0.42549	-0.15024
0.57832	-0.13116
0.75916	-0.056153
0.91708	-0.015469
1.0444	-0.011655
1.1361	-0.0014839
1.1845	0.0099585
1.2011	0.0036016
1.1998	0.016315
1.1705	-0.0065694
1.1234	-0.021826
1.0699	-0.049796
1.0113	-0.066324
0.94637	-0.068867
0.89033	-0.14006
0.84067	-0.17693
0.80119	-0.21762
0.77699	-0.2761
0.75024	-0.3206
0.72987	-0.34221
0.70949	-0.38163
0.6802	-0.33204
0.65728	-0.28754
0.62034	-0.29772
0.58341	-0.29009
0.55412	-0.27229
0.51209	-0.26593
0.47388	-0.21508
0.42549	-0.17312
0.40511	-0.12226
0.37709	-0.09048
0.34908	-0.02564
0.33507	-0.010384
0.30323	-0.023097
0.28922	0.0010588
0.29049	0.023944
0.34016	0.035386
0.44587	0.023944
0.5936	-0.018012
0.74515	-0.019283
0.87887	-0.058696
0.99349	-0.098109
1.0775	-0.14006
1.1158	-0.18838
1.1336	-0.26466
1.1259	-0.35238
1.103	-0.3918
1.0521	-0.41595
0.99986	-0.39815
0.94	-0.35493
0.88015	-0.32823
0.82156	-0.29644
0.76935	-0.25957
0.74006	-0.21508
0.71713	-0.20236
0.70058	-0.16931
0.69548	-0.12608
0.67128	-0.059967
0.656	-0.012926
0.64199	0.026486
0.6178	0.044286
0.59487	0.0074157
0.56431	0.0086871
0.52865	-0.015469
0.49299	-0.0014839
0.45733	-0.031997
0.42549	-0.044711
0.38728	-0.10065
0.36054	-0.12481
0.3287	-0.16295
0.29177	-0.19982
0.26247	-0.23287
0.24592	-0.27229
0.25483	-0.31424
0.32361	-0.37781
0.44841	-0.40197
0.59997	-0.34094
0.76298	-0.31297
0.91708	-0.26593
1.0342	-0.26593
1.1259	-0.24432
1.1731	-0.19728
1.196	-0.094295
1.1909	-0.033268
1.1731	-0.021826
1.1298	-0.0065694
1.0788	0.012501
1.0253	0.017587
0.97184	0.025215
0.91835	-0.0040267
0.87378	-0.0065694
0.84321	-0.038354
0.81647	-0.052339
0.79354	-0.10447
0.76807	-0.15786
0.74133	-0.16676
0.71204	-0.20999
0.67638	-0.25703
0.64327	-0.32569
0.60379	-0.33713
0.56431	-0.374
0.51718	-0.33459
0.48662	-0.26593
0.45096	-0.28246
0.4153	-0.26974
0.37455	-0.26339
0.33761	-0.22143
0.31469	-0.18456
0.29177	-0.13371
0.28285	-0.15532
0.33889	-0.11209
0.44205	-0.066324
0.57832	-0.0027553
0.73751	0.01123
0.88015	0.040472
1.0011	0.025215
1.0966	-0.030726
1.1501	-0.054882
1.1731	-0.052339
1.1743	-0.059967
1.1552	-0.057425
1.117	-0.085395
1.0648	-0.12099
1.0062	-0.14896
0.9451	-0.15405
0.88524	-0.18711
0.83685	-0.23033
0.79227	-0.26212
0.75661	-0.31679
0.72987	-0.35874
0.70694	-0.3206
0.68402	-0.27483
0.6611	-0.21889
0.64454	-0.24559
0.61015	-0.24559
0.58086	-0.23542
0.54011	-0.20999
0.50318	-0.075224
0.47643	-0.12099
0.44205	-0.10701
0.40639	-0.070138
0.38219	-0.054882
0.35926	-0.019283
0.34271	0.029029
0.31724	0.0061443
0.31978	-0.020555
0.35544	-0.047254
0.43568	-0.073953
0.56049	-0.068867
0.69803	-0.089209
0.82793	-0.10192
0.94637	-0.14134
1.0292	-0.18965
1.0814	-0.22016
1.1068	-0.22398
1.1158	-0.2583
1.0966	-0.27737
1.0674	-0.27102
1.0228	-0.3028
0.97184	-0.3473
0.91326	-0.29772
0.85722	-0.28246
0.82029	-0.2583
0.78081	-0.21508
0.74642	-0.20618
0.72605	-0.16422
0.69548	-0.14515
0.67638	-0.10319
0.65473	0.0036016
0.63053	0.10913
0.60379	0.10785
0.56685	0.067171
0.54393	-0.0065694
0.51082	-0.035811
0.47898	-0.056153
0.45351	-0.048525
0.41021	-0.073953
0.38092	-0.10447
0.35417	-0.15913
0.33634	-0.19092
0.34526	-0.27102
0.41403	-0.37781
0.50954	-0.43884
0.62926	-0.41214
0.75534	-0.374
0.8585	-0.34603
0.94637	-0.31424
1.0075	-0.31297
1.0381	-0.26466
1.0406	-0.23287
1.0215	-0.17439
0.99731	-0.14769
0.94764	-0.012926
0.91198	0.090055
0.86232	0.060814
0.82029	0.044286
0.78336	0.051914
0.75789	0.02013
0.73114	-0.011655
0.7235	-0.051068
0.6993	-0.049796
0.68402	-0.085395
0.656	-0.10955
0.6318	-0.15024
0.59742	-0.20872
0.5694	-0.2583
0.53629	-0.2939
0.48917	-0.35111
0.46242	-0.35747
0.41657	-0.36637
0.38474	-0.32314
0.35926	-0.29772
0.3287	-0.30026
0.31214	-0.27864
0.32488	-0.26847
0.39365	-0.22906
0.5019	-0.19219
0.62289	-0.10955
0.7477	-0.042168
0.8725	0.022672
0.96038	0.023944
1.0266	0.029029
1.0597	0.034115
1.075	0.030301
1.0737	0.032843
1.0521	0.013773
1.0126	-0.026912
0.9642	-0.059967
0.90816	-0.11718
0.86104	-0.15532
0.80755	-0.20745
0.77317	-0.32696
0.7426	-0.39943
0.71331	-0.44647
0.69421	-0.44138
0.66364	-0.35366
0.6369	-0.33204
0.60761	-0.27864
0.56813	-0.27483
0.52992	-0.25449
0.48917	-0.23796
0.45223	-0.21508
0.4204	-0.15659
0.37964	-0.070138
0.35672	-0.061239
0.34398	-0.012926
0.3287	0.068442
0.31469	0.057
0.30832	0.015044
0.29304	-0.0040267
0.28413	0.0036016
0.27903	-0.020555
0.30578	-0.042168
0.38219	-0.029454
0.48025	-0.047254
0.62034	-0.10701
0.74642	-0.16041
0.87887	-0.2672
0.98203	-0.3651
1.0457	-0.44647
1.0979	-0.45918
1.1145	-0.40197
1.1298	-0.33459
1.1158	-0.29517
1.0941	-0.29644
1.0457	-0.2316
0.99731	-0.17058
0.94892	-0.15024
0.89161	-0.13752
0.8534	-0.11337
0.81137	-0.080309
0.7859	0.0099585
0.75406	0.018858
0.73369	0.0086871
0.70694	0.01123
0.66874	-0.0027553
0.63308	-0.024369
0.59487	-0.0065694
0.55284	-0.018012
0.5019	-0.038354
0.46242	-0.061239
0.41657	-0.10574
0.38346	-0.18075
0.35035	-0.24686
0.32488	-0.29009
0.29941	-0.35238
0.28285	-0.42994
0.26247	-0.40197
0.25483	-0.34984
0.2421	-0.33459
0.22809	-0.32696
0.21281	-0.32823
0.22809	-0.26593
0.27139	-0.20363
0.36818	-0.14388
0.49044	-0.12354
0.6369	-0.081581
0.78208	0.051914
0.90689	0.15744
1.0011	0.14854
1.0737	0.082427
1.117	0.0074157
1.1336	-0.020555
1.131	-0.067596
1.1094	-0.058696
1.0699	-0.068867
1.0253	-0.073953
0.96547	-0.11972
0.91708	-0.18711
0.85977	-0.2761
0.82156	-0.36256
0.78845	-0.42612
0.75279	-0.42867
0.7235	-0.33967
0.69421	-0.31297
0.65473	-0.33077
0.62416	-0.29644
0.58214	-0.25195
0.5503	-0.21253
0.507	-0.18711
0.46752	-0.11464
0.43313	-0.058696
0.40511	-0.035811
0.38346	0.0074157
0.35417	0.045557
0.33761	0.0481
0.31978	-0.0078408
0.29686	-0.018012
0.28922	-0.030726
0.27776	0.0010588
0.2612	0.004873
0.25356	-0.030726
0.24847	-0.094295
0.22936	-0.18329
0.21917	-0.23669
0.21153	-0.30153
0.22682	-0.38163
0.29304	-0.39815
0.39365	-0.37908
0.54266	-0.34094
0.6993	-0.30916
0.84194	-0.29517
0.95529	-0.2672
1.0508	-0.18202
1.1132	-0.2227
1.1387	-0.24305
1.1578	-0.16676
1.1463	-0.11464
1.1285	-0.077767
1.0966	-0.037083
1.0521	-0.0078408
1.0024	0.0086871
0.95656	0.022672
0.91581	0.022672
0.88397	0.035386
0.8534	0.034115
0.82284	0.029029
0.79737	-0.026912
0.7668	-0.096837
0.73114	-0.14896
0.68911	-0.15913
0.65091	-0.18075
0.60633	-0.25195
0.55794	-0.31679
0.51591	-0.39561
0.46879	-0.41722
0.42294	-0.38544
0.38983	-0.35238
0.3529	-0.3473
0.32488	-0.33713
0.3045	-0.27864
0.28667	-0.25067
0.27521	-0.18583
0.2663	-0.14769
0.25483	-0.12608
0.25611	-0.095566
0.25483	0.017587
0.25101	0.055728
0.25101	0.054457
0.24847	0.018858
0.2854	0.026486
0.35926	-0.0052981
0.48153	-0.0040267
0.6318	-0.014198
0.79354	-0.06251
0.93364	-0.11337
1.0419	-0.10955
1.1247	-0.14515
1.1743	-0.18456
1.2036	-0.21508
1.1998	-0.26085
1.1858	-0.34603
1.1438	-0.42867
1.1081	-0.40197
1.0521	-0.35238
0.99349	-0.3562
0.95019	-0.31043
0.9018	-0.27864
0.86359	-0.26085
0.83175	-0.19728
0.80501	-0.084124
0.78336	-0.10574
0.76043	-0.086666
0.73114	-0.052339
0.6993	-0.067596
0.66492	-0.065053
0.63053	-0.031997
0.59105	0.059542
0.54266	0.051914
0.49936	0.017587
0.45096	-0.023097
0.4153	-0.076495
0.37455	-0.084124
0.34016	-0.093023
0.31214	-0.066324
0.29177	-0.11464
0.27521	-0.2138
0.25101	-0.25576
0.23828	-0.28119
0.23064	-0.33331
0.22299	-0.34476
0.20899	-0.35747
0.1988	-0.31424
0.21663	-0.32314
0.29431	-0.30153
0.41403	-0.30407
0.58086	-0.2761
0.75152	-0.21508
0.91071	-0.19219
1.047	-0.10701
1.145	-0.063782
1.2176	-0.051068
1.2469	-0.023097
1.2635	-0.01674
1.2482	-0.011655
1.224	0.053185
1.1871	0.027758
1.1272	0.0061443
1.0661	-0.054882
1.0024	-0.079038
0.94128	-0.080309
0.89033	-0.086666
0.84703	-0.11972
0.8152	-0.14515
0.77572	-0.16549
0.7477	-0.2316
0.70567	-0.32569
0.67638	-0.3206
0.63308	-0.35747
0.5885	-0.35366
0.54775	-0.35747
0.49936	-0.33204
0.45733	-0.31933
0.4153	-0.29136
0.37582	-0.25195
0.34398	-0.22143
0.31724	-0.17185
0.29559	-0.14388
0.27648	-0.09048
0.25865	-0.058696
0.25356	-0.044711
0.25229	-0.039625
0.24082	-0.057425
0.24082	-0.01674
0.23828	-0.0065694
0.25483	0.043014
0.32106	0.036657
0.43695	0.0074157
0.58723	-0.037083
0.75661	-0.09938
0.90689	-0.13371
1.0292	-0.15405
1.1234	-0.15532
1.1871	-0.16041
1.2164	-0.18965
1.2151	-0.2405
1.2024	-0.31043
1.1654	-0.33459
1.1208	-0.33713
1.0635	-0.35747
1.0088	-0.36001
0.94637	-0.32823
0.89288	-0.3117
0.85213	-0.29517
0.82411	-0.24813
0.80883	-0.12099
0.77954	-0.11464
0.76043	-0.084124
0.72987	-0.09048
0.7044	-0.080309
0.66619	0.012501
0.64072	0.053185
0.59997	0.023944
0.56176	0.0392
0.51846	-0.0065694
0.47643	-0.020555
0.43186	-0.035811
0.38601	-0.03454
0.35035	-0.059967
0.3096	-0.085395
0.28413	-0.12989
0.25229	-0.16168
0.2179	-0.20618
0.20134	-0.27229
0.18606	-0.34348
0.20389	-0.36256
0.28922	-0.37146
0.42294	-0.32569
0.58214	-0.29263
0.75789	-0.26212
0.90944	-0.28246
1.0279	-0.2672
1.1183	-0.26593
1.1743	-0.22143
1.1909	-0.15405
1.1985	-0.093023
1.1833	-0.063782
1.1438	-0.0014839
1.1043	-0.0052981
1.0457	-0.0052981
0.98203	-0.018012
0.93491	-0.0065694
0.89543	-0.0027553
0.84576	0.0010588
0.82284	-0.048525
0.79227	-0.039625
0.75406	-0.024369
0.71458	-0.056153
0.68275	-0.11464
0.63945	-0.13244
0.58723	-0.19855
0.53374	-0.27229
0.48917	-0.33713
0.44841	-0.3473
0.40766	-0.33459
0.35799	-0.31424
0.32488	-0.31043
0.29813	-0.31933
0.25865	-0.34603
0.2421	-0.31297
0.21663	-0.25322
0.1937	-0.21253
0.17715	-0.16168
0.16823	-0.11591
0.1988	-0.051068
0.28922	-0.048525
0.4395	-0.021826
0.60888	-0.021826
0.80119	-0.028183
0.9642	-0.029454
1.0916	-0.049796
1.1871	-0.028183
1.238	0.0010588
1.266	0.022672
1.2533	-0.031997
1.2329	-0.048525
1.1833	-0.079038
1.1361	-0.12226
1.0725	-0.15532
1.0011	-0.19855
0.94128	-0.25067
0.88015	-0.33586
0.84194	-0.3829
0.80501	-0.3918
0.77572	-0.3562
0.75152	-0.3295
0.71841	-0.29644
0.69166	-0.27992
0.65345	-0.285
0.62544	-0.27229
0.5885	-0.22652
0.55666	-0.16549
0.51846	-0.14515
0.48025	-0.10701
0.45351	-0.045982
0.41912	-0.023097
0.39492	-0.019283
0.36945	-0.019283
0.34398	-0.02564
0.31978	-0.029454
0.30068	-0.012926
0.29559	0.0023302
0.33761	0.018858
0.42804	0.0010588
0.54775	-0.056153
0.69421	-0.11845
0.83175	-0.14388
0.94637	-0.16676
1.0228	-0.19855
1.0966	-0.25576
1.1119	-0.32696
1.1272	-0.37273
1.1196	-0.36128
1.0954	-0.34603
1.047	-0.32187
1.0062	-0.29517
0.95274	-0.29644
0.8967	-0.26974
0.84194	-0.2316
0.81392	-0.19982
0.77826	-0.12608
0.75024	-0.14515
0.74388	-0.098109
0.71968	-0.037083
0.70567	0.015044
0.68147	0.029029
0.656	0.031572
0.62544	0.016315
0.5885	-0.018012
0.55412	-0.043439
0.49936	-0.045982
0.46497	-0.043439
0.4153	-0.070138
0.37455	-0.11718
0.32615	-0.15024
0.29559	-0.18329
0.25993	-0.19473
0.23573	-0.2227
0.21663	-0.25576
0.1937	-0.31679
0.17333	-0.34857
0.16059	-0.35366
0.18606	-0.32441
0.27903	-0.31424
0.40002	-0.30153
0.55794	-0.27992
0.73114	-0.28627
0.88906	-0.26847
1.0088	-0.22525
1.103	-0.18583
1.1514	-0.076495
1.1909	-0.072681
1.1896	-0.039625
1.1794	0.021401
1.145	0.040472
1.1043	0.012501
1.0432	-0.0027553
0.99349	-0.011655
0.94	0.004873
0.88651	0.0023302
0.8534	-0.011655
0.82284	-0.043439
0.78718	-0.087938
0.76043	-0.073953
0.72859	-0.10319
0.69548	-0.14006
0.65855	-0.23415
0.62034	-0.32314
0.58214	-0.38417
0.55666	-0.41595
0.51336	-0.36256
0.4828	-0.35747
0.45605	-0.32569
0.41912	-0.31043
0.38474	-0.31806
0.35035	-0.30153
0.31342	-0.25322
0.29177	-0.20999
0.29304	-0.18456
0.33761	-0.13752
0.42294	-0.10701
0.56049	-0.047254
0.70058	0.012501
0.84067	0.016315
0.9642	0.0392
1.0546	0.049371
1.1145	0.037929
1.1361	-0.0078408
1.1387	-0.011655
1.1361	0.0061443
1.0928	-0.012926
1.0521	-0.068867
0.99477	-0.084124
0.92345	-0.12735
0.86359	-0.19473
0.81137	-0.26466
0.77189	-0.32569
0.74515	-0.40324
0.71713	-0.42485
0.68911	-0.37654
0.67128	-0.36383
0.64072	-0.36001
0.60888	-0.28246
0.57322	-0.26974
0.53247	-0.26085
0.5019	-0.20745
0.46497	-0.17439
0.43058	-0.11718
0.40384	-0.087938
0.37582	-0.06251
0.3478	-0.023097
0.32233	0.0061443
0.30578	0.068442
0.29431	0.10023
0.27012	0.036657
0.25865	0.004873
0.24082	-0.040897
0.22682	-0.06251
0.22045	-0.067596
0.23573	-0.070138
0.29941	-0.093023
0.41275	-0.12099
0.56303	-0.19092
0.73241	-0.2316
0.88015	-0.27737
1.01	-0.31806
1.1017	-0.31933
1.168	-0.35747
1.196	-0.33204
1.21	-0.32569
1.2074	-0.28246
1.1896	-0.2672
1.1412	-0.27483
1.0992	-0.28754
1.0381	-0.28119
0.99094	-0.22143
0.94128	-0.098109
0.91708	-0.11972
0.88524	-0.045982
0.8585	0.004873
0.82411	0.025215
0.80628	0.029029
0.77062	0.037929
0.74006	0.046828
0.69676	0.015044
0.64963	0.0086871
0.59869	-0.0027553
0.55284	-0.038354
0.50063	-0.086666
0.46752	-0.12481
0.4153	-0.16422
0.37327	-0.20999
0.34144	-0.25067
0.3096	-0.31551
0.27903	-0.35111
0.24974	-0.35238
0.237	-0.33077
0.24465	-0.31679
0.29304	-0.32314
0.39238	-0.29517
0.52228	-0.28373
0.66746	-0.24177
0.80883	-0.22525
0.93618	-0.19473
1.0266	-0.17821
1.0966	-0.12989
1.1387	-0.084124
1.1501	-0.040897
1.1501	-0.015469
1.1323	0.0036016
1.0916	0.073527
1.0406	0.023944
0.98076	0.01123
0.92472	-0.01674
0.87633	-0.020555
0.83302	-0.035811
0.78845	-0.052339
0.75789	-0.076495
0.73241	-0.10447
0.6993	-0.15532
0.66237	-0.2138
0.62926	-0.28119
0.58596	-0.33713
0.55284	-0.34221
0.51464	-0.34221
0.47898	-0.3206
0.44459	-0.31551
0.40893	-0.30789
0.372	-0.28373
0.33252	-0.28119
0.30832	-0.27483
0.28285	-0.24177
0.25356	-0.17948
0.24337	-0.14515
0.23318	-0.10319
0.21408	-0.081581
0.21281	-0.044711
0.20771	-0.0091122
0.20007	-0.0027553
0.20644	-0.023097
0.25611	-0.019283
0.37073	-0.026912
0.51591	-0.011655
0.67893	-0.011655
0.83557	-0.030726
0.9642	-0.066324
1.0699	-0.10828
1.1374	-0.12989
1.1705	-0.14769
1.1845	-0.21508
1.1833	-0.26593
1.1514	-0.32187
1.1183	-0.33077
1.0623	-0.36256
1.0164	-0.35238
0.96165	-0.32441
0.90816	-0.32314
0.86868	-0.28627
0.84067	-0.27992
0.81137	-0.25957
0.78718	-0.2316
0.76298	-0.16549
0.74006	-0.13498
0.71586	-0.075224
0.68275	-0.03454
0.64836	0.0099585
0.61652	0.018858
0.57832	0.022672
0.53501	0.013773
0.49936	-0.0014839
0.45988	-0.0052981
0.42676	-0.014198
0.39747	-0.018012
0.35926	-0.075224
0.32743	-0.10828
0.29686	-0.13498
0.27521	-0.14769
0.25738	-0.18965
0.28922	-0.27102
0.35417	-0.374
0.4777	-0.4096
0.61652	-0.35238
0.7477	-0.32187
0.88142	-0.30534
0.9833	-0.30534
1.0533	-0.29263
1.1043	-0.2761
1.1234	-0.2494
1.1272	-0.22779
1.1132	-0.20618
1.0814	-0.11845
1.0381	-0.073953
0.98967	-0.021826
0.93746	0.022672
0.89416	0.037929
0.85468	0.013773
0.8343	-0.0052981
0.80373	-0.0052981
0.77062	-0.021826
0.74642	-0.028183
0.70694	-0.059967
0.6751	-0.063782
0.6369	-0.080309
0.5885	-0.10574
0.54393	-0.14006
0.49426	-0.19982
0.44714	-0.26593
0.40257	-0.33967
0.35544	-0.38417
0.32615	-0.38544
0.30195	-0.36383
0.26375	-0.33204
0.25356	-0.28882
0.23573	-0.30026
0.21663	-0.2939
0.20007	-0.26974
0.19116	-0.23669
0.19752	-0.19346
0.237	-0.14642
0.33634	-0.12989
0.47006	-0.07141
0.64581	-0.020555
0.80755	0.026486
0.9642	-0.0091122
1.0801	-0.0091122
1.1743	-0.0091122
1.2355	0.021401
1.2648	-0.011655
1.2622	-0.0091122
1.2406	-0.047254
1.1998	-0.067596
1.1476	-0.10319
1.0865	-0.14388
1.0164	-0.15913
0.95529	-0.18329
0.88779	-0.23796
0.85213	-0.28119
0.81265	-0.31806
0.76807	-0.34094
0.74642	-0.37273
0.71458	-0.34094
0.68402	-0.32569
0.64581	-0.32441
0.60761	-0.31679
0.5694	-0.31679
0.52737	-0.27102
0.4828	-0.21508
0.44459	-0.18838
0.41148	-0.12481
0.37327	-0.10447
0.3478	-0.026912
0.32615	-0.0027553
0.3045	-0.010384
0.29177	-0.021826
0.27521	-0.024369
0.26375	-0.026912
0.25738	0.0074157
0.23828	0.0023302
0.23573	-0.0078408
0.28285	-0.019283
0.36945	-0.056153
0.49936	-0.11337
0.64963	-0.15913
0.79609	-0.17693
0.92345	-0.22143
1.0292	-0.27737
1.0966	-0.31806
1.1476	-0.34603
1.1667	-0.35493
1.1654	-0.34094
1.1489	-0.31806
1.117	-0.34221
1.0674	-0.33204
1.0215	-0.30789
0.97439	-0.2672
0.92472	-0.2049
0.88524	-0.13244
0.84321	-0.10574
0.82156	-0.10192
0.79737	-0.072681
0.77572	-0.039625
0.75024	-0.0027553
0.72223	0.036657
0.68275	0.045557
0.64836	0.013773
0.60761	-0.015469
0.56431	0.0036016
0.5261	-0.030726
0.47516	-0.063782
0.42422	-0.093023
0.38983	-0.10319
0.35926	-0.14896
0.32106	-0.19473
0.29813	-0.23669
0.26884	-0.30153
0.2421	-0.35111
0.22427	-0.39688
0.21535	-0.4007
0.1988	-0.37654
0.22172	-0.30153
0.27139	-0.29263
0.37582	-0.28627
0.51464	-0.2761
0.6611	-0.22906
0.82156	-0.18583
0.95019	-0.091752
1.0444	-0.10955
1.1119	-0.09938
1.1565	-0.021826
1.1718	0.0061443
1.1718	0.065899
1.1591	0.063356
1.1221	0.036657
1.0763	0.036657
1.0279	-0.0078408
0.9642	-0.030726
0.91453	-0.02564
0.87887	-0.077767
0.83939	-0.12735
0.80501	-0.22016
0.76807	-0.28246
0.73369	-0.35493
0.70822	-0.37908
0.66364	-0.39434
0.62671	-0.36128
0.57449	-0.33967
0.52992	-0.32187
0.49426	-0.32823
0.45223	-0.30789
0.4153	-0.26593
0.37964	-0.21635
0.34908	-0.19728
0.32233	-0.13625
0.29431	-0.086666
0.27521	-0.052339
0.26247	0.01123
0.25611	0.018858
0.27903	0.023944
0.34398	0.0086871
0.43822	-0.0052981
0.56685	-0.015469
0.70694	0.004873
0.82411	-0.0052981
0.92599	-0.056153
1.0024	-0.094295
1.0584	-0.14896
1.075	-0.20363
1.0725	-0.26593
1.0648	-0.34857
1.0368	-0.41468
0.99986	-0.4274
0.9451	-0.35747
0.89543	-0.33204
0.84449	-0.30916
0.79737	-0.3295
0.76298	-0.29136
0.72605	-0.26847
0.70822	-0.21635
0.68657	-0.16803
0.656	-0.11972
0.63817	-0.05361
0.6127	-0.0014839
0.58341	0.044286
0.55539	0.037929
0.51336	0.088784
0.47898	0.037929
0.44714	-0.023097
0.41148	-0.040897
0.38092	-0.039625
0.3529	-0.031997
0.32488	-0.079038
0.30068	-0.12862
0.27903	-0.14769
0.25611	-0.22016
0.24847	-0.30153
0.23573	-0.37781
0.21663	-0.43884
0.20771	-0.42867
0.20134	-0.38671
0.19752	-0.34603
0.21917	-0.30789
0.28158	-0.31297
0.39365	-0.26974
0.53374	-0.25576
0.68657	-0.22652
0.8343	-0.16422
0.95783	-0.10574
1.0508	-0.014198
1.1183	0.049371
1.154	0.043014
1.1603	0.01123
1.154	0.0086871
1.1387	0.015044
1.1081	0.015044
1.0572	-0.01674
0.99986	-0.047254
0.93618	-0.063782
0.88524	-0.098109
0.8343	-0.12226
0.79609	-0.15278
0.76553	-0.19728
0.73878	-0.26212
0.70058	-0.31806
0.67638	-0.374
0.65091	-0.39561
0.61525	-0.35111
0.58596	-0.33077
0.55284	-0.34476
0.51336	-0.35111
0.47643	-0.31043
0.44332	-0.27356
0.40257	-0.20745
0.38474	-0.15913
0.35162	-0.13116
0.33252	-0.068867
0.31214	-0.05361
0.30832	-0.0091122
0.30195	0.0061443
0.30323	0.015044
0.29049	0.040472
0.28413	0.044286
0.27521	0.022672
0.28413	-0.01674
0.34653	-0.049796
0.44587	-0.087938
0.58086	-0.12481
0.72223	-0.16931
0.85722	-0.20236
0.96038	-0.24432
1.0368	-0.30789
1.0826	-0.35366
1.103	-0.39434
1.1145	-0.38671
1.0916	-0.39307
1.0674	-0.3651
1.0253	-0.32187
0.98585	-0.29136
0.93364	-0.25195
0.88524	-0.21889
0.84449	-0.16803
0.82029	-0.10065
0.79354	-0.057425
0.79227	-0.01674
0.77572	0.058271
0.77189	0.054457
0.7477	0.058271
0.72732	0.029029
0.69421	0.015044
0.6611	-0.01674
0.62416	-0.038354
0.57832	-0.093023
0.54011	-0.11972
0.49808	-0.14388
0.45988	-0.19219
0.41148	-0.21508
0.38346	-0.29772
0.35799	-0.39688
0.33889	-0.42358
0.31978	-0.43248
0.30323	-0.39561
0.28922	-0.35238
0.27266	-0.31297
0.27139	-0.285
0.31469	-0.27737
0.40002	-0.23796
0.54138	-0.20618
0.70185	-0.11082
0.85468	-0.073953
0.99477	-0.038354
1.0954	0.035386
1.1641	0.045557
1.1973	0.058271
1.2138	0.035386
1.2011	0.0061443
1.1782	-0.028183
1.1349	-0.033268
1.0814	-0.063782
1.0164	-0.093023
0.9642	-0.14006
0.90944	-0.17693
0.86232	-0.19728
0.82411	-0.25322
0.78845	-0.33586
0.7668	-0.36383
0.74133	-0.36891
0.71841	-0.34348
0.67893	-0.30789
0.65218	-0.34221
0.60506	-0.32823
0.5694	-0.31424
0.53629	-0.25957
0.5019	-0.19473
0.4637	-0.17821
0.4344	-0.17058
0.41275	-0.11972
0.38983	-0.094295
0.37073	-0.052339
0.3478	-0.0027553
0.33125	0.02013
0.32233	0.045557
0.34016	0.046828
0.41148	0.0074157
0.51846	0.0010588
0.65091	-0.026912
0.77189	-0.023097
0.89798	-0.070138
0.98967	-0.12989
1.0508	-0.17439
1.0877	-0.2405
1.1005	-0.30789
1.0979	-0.35366
1.0788	-0.39815
1.047	-0.3918
1.005	-0.374
0.94892	-0.34221
0.90434	-0.32696
0.84703	-0.30916
0.80373	-0.26974
0.75916	-0.19982
0.75024	-0.11972
0.72859	-0.12862
0.70949	-0.10065
0.68911	-0.042168
0.68275	0.036657
0.65855	0.054457
0.64072	0.072256
0.60506	0.022672
0.57832	-0.023097
0.53756	-0.012926
0.49553	-0.021826
0.45733	-0.065053
0.4204	-0.10701
0.37582	-0.15024
0.3529	-0.17693
0.31214	-0.2405
0.29304	-0.31806
0.26375	-0.41341
0.25738	-0.43757
0.23318	-0.38925
0.22172	-0.34094
0.20771	-0.31806
0.23446	-0.30534
0.30705	-0.30916
0.44077	-0.27356
0.59997	-0.24559
0.77189	-0.19982
0.91453	-0.14515
1.0432	-0.11591
1.1336	-0.061239
1.1998	0.021401
1.2266	0.049371
1.2329	0.044286
1.2189	0.037929
1.182	0.0023302
1.1349	-0.0065694
1.0686	-0.0078408
1.0075	-0.012926
0.94	-0.087938
0.88142	-0.13371
0.83175	-0.17439
0.79737	-0.2049
0.75789	-0.27229
0.71968	-0.29772
0.69039	-0.30789
0.66746	-0.3562
0.64072	-0.33713
0.60888	-0.33459
0.58214	-0.32187
0.54393	-0.30789
0.51336	-0.27102
0.47516	-0.25195
0.44205	-0.23287
0.40639	-0.19982
0.38346	-0.16931
0.36054	-0.14769
0.32997	-0.079038
0.31978	-0.0078408
0.3045	0.043014
0.29431	0.063356
